testData
[[2, 62, 85, 104, 268, 55, 306, 68], [6, 64, 130, 37, 278, 16, 289, 38], [8, 3, 78, 164, 84, 36, 302, 77], [4, 83, 243, 138, 8, 249, 254, 307], [13, 1, 23, 281, 95, 125, 179, 66], [5, 247, 193, 211, 24, 17, 129, 315], [7, 135, 312, 288, 56, 58, 267, 71], [14, 236, 44, 153, 20, 218, 158, 6], [3, 111, 63, 48, 7, 287, 127, 4], [9, 86, 204, 314, 186, 295, 32, 76]]
userRanks
[[2, 1, 3, 4, 5, 6, 7], [5, 4, 1, 2, 6, 3, 7], [4, 2, 6, 5, 3, 1, 7], [7, 1, 6, 4, 5, 2, 3], [2, 1, 6, 5, 3, 7, 4], [2, 1, 3, 4, 5, 7, 6], [2, 4, 6, 5, 7, 3, 1], [3, 4, 1, 2, 6, 7, 5], [1, 2, 6, 3, 4, 5, 7], [6, 1, 4, 5, 3, 2, 7]]
prob
[[ 0.05018106  0.09801272  0.02457507  0.02612909  0.02710793  0.15097631
   0.04224748  0.03571821  0.06220169  0.02753508  0.05313765  0.0852763
   0.08444927  0.00400733  0.22844482]
 [ 0.09157666  0.05239585  0.02291208  0.02704464  0.09976054  0.13280193
   0.16817526  0.00284067  0.01792208  0.01349296  0.28544037  0.03355613
   0.01567172  0.02703958  0.00936952]
 [ 0.45486196  0.03280201  0.02285511  0.0119883   0.04541818  0.09997603
   0.02893038  0.00539267  0.08637885  0.03295596  0.08109836  0.009859
   0.00253443  0.04449677  0.04045198]
 [ 0.38677742  0.06386922  0.04408602  0.06230612  0.05652695  0.09127253
   0.11018572  0.00268851  0.02006535  0.01329894  0.0571106   0.01551783
   0.0307654   0.01440936  0.03112004]
 [ 0.00824517  0.12218662  0.00616816  0.00680621  0.29599158  0.0835247
   0.2278185   0.00441343  0.00959361  0.03482412  0.08119977  0.07884387
   0.02947058  0.00662098  0.00429268]
 [ 0.00438485  0.05313629  0.0194903   0.00423976  0.18721654  0.04525002
   0.21408465  0.02452886  0.05728601  0.0688347   0.01852564  0.25624686
   0.01366382  0.00949666  0.02361504]
 [ 0.00601027  0.03051328  0.03538198  0.00201253  0.13876857  0.01530966
   0.34471519  0.0015242   0.02194176  0.00698573  0.16637025  0.20908483
   0.00186547  0.01683258  0.00268369]]
[[5 6 4 6 0 6 2 6 4 6 5 2 6 0 6]
 [6 2 5 5 2 5 0 3 1 3 0 3 2 4 4]
 [4 1 2 4 3 4 3 1 3 1 3 1 5 5 1]
 [0 5 1 2 1 3 1 4 6 0 2 4 1 3 5]
 [1 3 0 0 6 2 5 2 5 2 4 0 4 6 3]
 [3 0 6 1 5 1 4 5 0 4 6 6 3 1 2]
 [2 4 3 3 4 0 6 0 2 5 1 5 0 2 0]]
userRanks
[[2, 1, 3, 4, 5, 6, 7], [5, 4, 1, 2, 6, 3, 7], [4, 2, 6, 5, 3, 1, 7], [7, 1, 6, 4, 5, 2, 3], [2, 1, 6, 5, 3, 7, 4], [2, 1, 3, 4, 5, 7, 6], [2, 4, 6, 5, 7, 3, 1], [3, 4, 1, 2, 6, 7, 5], [1, 2, 6, 3, 4, 5, 7], [6, 1, 4, 5, 3, 2, 7]]
aiRanks
[5 6 3 2 1 7 4]
score
2.9
prob
[[ 0.05992411  0.10291793  0.04811833  0.07141418  0.01964156  0.16241894
   0.04085921  0.02474044  0.021919    0.03844243  0.13517273  0.01969077
   0.07350892  0.03241221  0.14881923]
 [ 0.19342228  0.06767788  0.03265753  0.02794151  0.09606246  0.133529
   0.09742321  0.01342107  0.0625153   0.04964006  0.09921109  0.03131574
   0.03564752  0.01317451  0.04636085]
 [ 0.0498965   0.06166383  0.06365164  0.02173665  0.04002221  0.0159882
   0.02984123  0.03785945  0.06791972  0.06118839  0.11780943  0.27068415
   0.00408472  0.05020062  0.10745327]
 [ 0.02624601  0.01607538  0.02262735  0.00162693  0.10117254  0.0302172
   0.22556882  0.00444799  0.02420619  0.01960213  0.12213449  0.37168117
   0.00773216  0.00583822  0.02082341]
 [ 0.03036313  0.07887256  0.02820343  0.00153777  0.14186762  0.02841553
   0.10197637  0.01478413  0.06035007  0.0245204   0.15044129  0.23423668
   0.00425859  0.08426327  0.01590917]
 [ 0.03592196  0.14282279  0.05615788  0.01047395  0.03484454  0.014127
   0.05623593  0.0105905   0.04546624  0.02720785  0.05948928  0.30863712
   0.01555982  0.10783152  0.07463361]
 [ 0.33561127  0.03659648  0.03334477  0.02741324  0.04809887  0.08416096
   0.07258054  0.00358099  0.01998667  0.01763838  0.21394902  0.04978372
   0.01685933  0.02099248  0.01940328]]
[[3 3 3 4 0 5 2 6 6 6 5 0 2 3 4]
 [4 6 4 3 5 2 0 3 0 3 1 1 4 1 6]
 [5 2 1 5 2 4 5 5 3 4 2 6 3 6 3]
 [2 1 6 2 6 3 6 1 5 5 3 4 5 0 1]
 [0 4 0 6 1 6 1 4 4 0 0 2 6 2 5]
 [1 0 5 1 3 1 4 0 1 1 4 5 1 4 2]
 [6 5 2 0 4 0 3 2 2 2 6 3 0 5 0]]
userRanks
[[2, 1, 3, 4, 5, 6, 7], [5, 4, 1, 2, 6, 3, 7], [4, 2, 6, 5, 3, 1, 7], [7, 1, 6, 4, 5, 2, 3], [2, 1, 6, 5, 3, 7, 4], [2, 1, 3, 4, 5, 7, 6], [2, 4, 6, 5, 7, 3, 1], [3, 4, 1, 2, 6, 7, 5], [1, 2, 6, 3, 4, 5, 7], [6, 1, 4, 5, 3, 2, 7]]
aiRanks
[3 1 6 7 2 5 4]
score
3.1
prob
[[ 0.12177559  0.02975273  0.02380017  0.00754185  0.09154949  0.02694721
   0.23399681  0.00190294  0.04007084  0.01373037  0.09071119  0.26456715
   0.00505907  0.04030049  0.00829409]
 [ 0.11620941  0.19988513  0.10539926  0.01818397  0.02533923  0.05523549
   0.01768545  0.0045047   0.02065781  0.02280189  0.07031735  0.02616992
   0.01008187  0.20988199  0.09764652]
 [ 0.15722448  0.05100538  0.11397511  0.1457332   0.03041943  0.04537632
   0.02501412  0.01682908  0.03727466  0.04903034  0.07388672  0.03061522
   0.01473292  0.02992175  0.17896127]
 [ 0.0802816   0.03382323  0.01163785  0.01059802  0.02927011  0.03637796
   0.05456071  0.01692068  0.09757169  0.03977771  0.05250347  0.36764734
   0.00199157  0.03933649  0.12770159]
 [ 0.09458543  0.07275683  0.09505127  0.01745019  0.023611    0.06236799
   0.00641693  0.01569917  0.05029329  0.06852966  0.05996035  0.02186786
   0.0031621   0.04934826  0.35889967]
 [ 0.24385198  0.14988339  0.02379039  0.08391618  0.03545759  0.16570491
   0.10800653  0.00616884  0.02565576  0.02096959  0.01844729  0.00140214
   0.01927707  0.04554717  0.05192118]
 [ 0.10028423  0.11833542  0.06211722  0.01848494  0.1156265   0.02778126
   0.19045212  0.04052172  0.04551442  0.03518189  0.08275232  0.08682472
   0.01330104  0.016745    0.04607721]]
[[3 0 3 0 4 0 4 0 1 0 5 5 3 6 0]
 [4 3 5 3 1 6 1 1 5 5 3 4 4 2 6]
 [6 2 0 4 3 3 2 5 2 1 4 1 0 3 5]
 [1 4 6 1 2 2 3 4 0 6 1 2 1 0 1]
 [0 6 4 6 5 1 5 2 6 3 2 6 6 5 3]
 [2 5 1 5 0 4 6 3 4 2 6 0 2 4 2]
 [5 1 2 2 6 5 0 6 3 4 0 3 5 1 4]]
userRanks
[[2, 1, 3, 4, 5, 6, 7], [5, 4, 1, 2, 6, 3, 7], [4, 2, 6, 5, 3, 1, 7], [7, 1, 6, 4, 5, 2, 3], [2, 1, 6, 5, 3, 7, 4], [2, 1, 3, 4, 5, 7, 6], [2, 4, 6, 5, 7, 3, 1], [3, 4, 1, 2, 6, 7, 5], [1, 2, 6, 3, 4, 5, 7], [6, 1, 4, 5, 3, 2, 7]]
aiRanks
[2 6 3 1 7 5 4]
score
3.2
prob
[[ 0.31392472  0.01067517  0.14911136  0.0531172   0.0197768   0.03988402
   0.01293956  0.09362267  0.04076539  0.02880871  0.06893313  0.00848029
   0.01519773  0.00417656  0.14058669]
 [ 0.00713683  0.04482563  0.0472036   0.00130801  0.21235858  0.00799007
   0.54866043  0.00070449  0.01481367  0.00707869  0.01875143  0.06281926
   0.00741926  0.01518746  0.00374262]
 [ 0.14801325  0.08749775  0.04343899  0.02579188  0.04791608  0.08365885
   0.02081151  0.02274206  0.07615847  0.04800743  0.16103603  0.09484953
   0.0173042   0.03742273  0.08535124]
 [ 0.03383879  0.05912415  0.0793518   0.01127606  0.11670705  0.03696599
   0.18623929  0.00712596  0.03277775  0.01708669  0.15761085  0.21902756
   0.01099311  0.02418529  0.00768966]
 [ 0.01891415  0.01027817  0.02177951  0.0031667   0.08216573  0.00786628
   0.44296381  0.00284244  0.03409883  0.00997418  0.05112916  0.27727402
   0.0016443   0.03319926  0.00270346]
 [ 0.03919579  0.3830838   0.02726919  0.09762232  0.01748223  0.18203888
   0.0256418   0.01646747  0.0180069   0.03651222  0.01677193  0.00611682
   0.02287177  0.03269262  0.07822626]
 [ 0.63965025  0.0336614   0.04594799  0.0272738   0.03491221  0.05591162
   0.02351911  0.00233427  0.01016259  0.0233898   0.03043052  0.00214367
   0.01731498  0.02018411  0.03316369]]
[[1 4 4 1 5 4 0 1 6 1 5 6 4 0 4]
 [4 0 5 4 0 1 2 6 1 4 1 5 1 1 1]
 [3 6 2 3 6 3 6 4 5 3 6 0 3 6 3]
 [5 1 6 2 2 0 5 3 3 6 4 1 0 3 6]
 [2 3 1 6 4 6 3 5 4 0 0 2 2 5 5]
 [0 2 3 0 3 2 4 2 0 5 3 3 6 4 2]
 [6 5 0 5 1 5 1 0 2 2 2 4 5 2 0]]
userRanks
[[2, 1, 3, 4, 5, 6, 7], [5, 4, 1, 2, 6, 3, 7], [4, 2, 6, 5, 3, 1, 7], [7, 1, 6, 4, 5, 2, 3], [2, 1, 6, 5, 3, 7, 4], [2, 1, 3, 4, 5, 7, 6], [2, 4, 6, 5, 7, 3, 1], [3, 4, 1, 2, 6, 7, 5], [1, 2, 6, 3, 4, 5, 7], [6, 1, 4, 5, 3, 2, 7]]
aiRanks
[6 1 7 3 5 4 2]
score
0.8
prob
[[ 0.04613736  0.03144383  0.02444796  0.02584162  0.09404128  0.07713218
   0.22172969  0.00140654  0.0100933   0.01293224  0.29412131  0.13198947
   0.00824069  0.01649081  0.00395173]
 [ 0.02446857  0.03032191  0.03222405  0.00084159  0.11018018  0.09105773
   0.11502741  0.00388071  0.02965649  0.02344397  0.25101076  0.20798124
   0.02066869  0.0164193   0.04281741]
 [ 0.11742054  0.08217019  0.02643381  0.06784964  0.11663295  0.07205442
   0.23657018  0.01629501  0.05060141  0.04017988  0.06022791  0.05069546
   0.02885397  0.00899756  0.02501707]
 [ 0.08792701  0.09209764  0.01215151  0.00948355  0.05466697  0.05110704
   0.03529348  0.00561561  0.07772703  0.05933032  0.04702199  0.06426288
   0.00682517  0.30467838  0.09181144]
 [ 0.03041888  0.04087268  0.00775678  0.01305595  0.0102763   0.07156793
   0.00424595  0.08153371  0.05054936  0.09005241  0.00314795  0.00652786
   0.09135023  0.0051497   0.49349432]
 [ 0.10256292  0.02875291  0.1737188   0.00783622  0.04096091  0.09561408
   0.15385268  0.00332716  0.01918838  0.0155006   0.14962373  0.06979725
   0.02280568  0.02428847  0.09217019]
 [ 0.21129681  0.14606133  0.09517094  0.04638998  0.06020903  0.12569085
   0.05202292  0.0070037   0.00943995  0.03753947  0.05617611  0.01364367
   0.04681928  0.0303327   0.06220324]]
[[1 5 4 1 4 3 4 0 6 0 4 4 3 4 0]
 [4 1 3 5 5 4 3 5 0 5 3 6 0 2 2]
 [0 0 0 3 3 2 6 1 5 1 6 2 1 1 1]
 [3 4 2 4 6 0 1 3 1 6 2 3 5 0 6]
 [5 2 1 0 0 1 5 6 4 2 5 5 2 5 3]
 [2 3 6 6 1 5 0 2 2 3 1 0 6 6 5]
 [6 6 5 2 2 6 2 4 3 4 0 1 4 3 4]]
userRanks
[[2, 1, 3, 4, 5, 6, 7], [5, 4, 1, 2, 6, 3, 7], [4, 2, 6, 5, 3, 1, 7], [7, 1, 6, 4, 5, 2, 3], [2, 1, 6, 5, 3, 7, 4], [2, 1, 3, 4, 5, 7, 6], [2, 4, 6, 5, 7, 3, 1], [3, 4, 1, 2, 6, 7, 5], [1, 2, 6, 3, 4, 5, 7], [6, 1, 4, 5, 3, 2, 7]]
aiRanks
[5 3 2 1 6 7 4]
score
2.4
prob
[[ 0.01412616  0.03880142  0.0056685   0.00956111  0.0133506   0.04470479
   0.02263047  0.33189094  0.14353999  0.07276383  0.00746023  0.01304525
   0.01210525  0.0013624   0.26898907]
 [ 0.04827428  0.07528747  0.03973987  0.01382493  0.05264796  0.24260448
   0.13370435  0.00198848  0.05962826  0.02582006  0.11880102  0.0885396
   0.00938636  0.00964251  0.08011038]
 [ 0.00534149  0.01165606  0.00336448  0.00079493  0.00970634  0.00741786
   0.01882695  0.02568722  0.13866855  0.02897262  0.00684528  0.66819605
   0.00270175  0.02105424  0.05076617]
 [ 0.04492563  0.04911962  0.03334378  0.01232352  0.01863605  0.04057478
   0.00864809  0.03585561  0.09815801  0.05980698  0.02332026  0.03953494
   0.00335243  0.04318408  0.48921623]
 [ 0.31084681  0.02545182  0.05170289  0.06764743  0.0981281   0.04690162
   0.06514665  0.00275245  0.03566557  0.0338239   0.0676713   0.06366609
   0.01921771  0.07307922  0.03829845]
 [ 0.0171467   0.07870324  0.02540505  0.00191221  0.30885238  0.04082442
   0.28911218  0.00087332  0.02436805  0.02859854  0.01247448  0.11632256
   0.02232528  0.01432062  0.01876096]
 [ 0.05691988  0.02576058  0.0136146   0.01062698  0.10272531  0.05066301
   0.44879129  0.00385612  0.03294219  0.01034092  0.0944945   0.10338796
   0.00465968  0.03451348  0.0067035 ]]
[[2 2 2 2 2 2 3 5 5 6 2 0 2 0 6]
 [0 4 0 5 0 3 2 1 6 1 0 3 3 1 5]
 [5 6 6 0 3 5 0 4 4 5 5 4 6 5 4]
 [3 0 5 6 1 0 4 6 1 2 3 1 1 2 2]
 [1 3 3 3 4 4 1 2 3 4 4 6 0 6 1]
 [6 1 1 1 6 6 5 3 2 3 6 5 4 3 0]
 [4 5 4 4 5 1 6 0 0 0 1 2 5 4 3]]
userRanks
[[2, 1, 3, 4, 5, 6, 7], [5, 4, 1, 2, 6, 3, 7], [4, 2, 6, 5, 3, 1, 7], [7, 1, 6, 4, 5, 2, 3], [2, 1, 6, 5, 3, 7, 4], [2, 1, 3, 4, 5, 7, 6], [2, 4, 6, 5, 7, 3, 1], [3, 4, 1, 2, 6, 7, 5], [1, 2, 6, 3, 4, 5, 7], [6, 1, 4, 5, 3, 2, 7]]
aiRanks
[3 4 6 1 5 7 2]
score
1.9
prob
[[ 0.02864439  0.24852574  0.03688032  0.07077999  0.09643006  0.04248022
   0.26208071  0.01743299  0.03367963  0.02651086  0.04012703  0.05198801
   0.02623833  0.00524532  0.01295641]
 [ 0.1492209   0.02169797  0.02456482  0.01038321  0.03318196  0.14263242
   0.10156333  0.00842379  0.13470333  0.02803497  0.14816255  0.04046704
   0.00754179  0.0082159   0.14120603]
 [ 0.1966683   0.04318609  0.01113058  0.01355259  0.0165892   0.10064381
   0.00958687  0.09186572  0.16664596  0.07322233  0.0737158   0.0132938
   0.00591522  0.04764088  0.13634286]
 [ 0.00624693  0.02555614  0.00694287  0.00138229  0.06369379  0.02373176
   0.04249032  0.00228532  0.0590379   0.03528559  0.02416556  0.64336277
   0.01158867  0.03200121  0.02222887]
 [ 0.08034201  0.0568765   0.07367636  0.02862152  0.24859027  0.02951093
   0.07555345  0.00618317  0.05308308  0.03134998  0.08075187  0.12144867
   0.01768971  0.06500096  0.0313215 ]
 [ 0.22654005  0.0651671   0.00669393  0.05227184  0.04729719  0.18477171
   0.04750993  0.03991882  0.05639752  0.11456913  0.07635149  0.01514363
   0.01470689  0.0048663   0.04779446]
 [ 0.09612383  0.03270819  0.05179425  0.01251283  0.02894813  0.07377865
   0.19362352  0.00118784  0.05540822  0.0149565   0.14910247  0.12964299
   0.01699104  0.00916372  0.13405784]]
[[3 1 5 3 2 3 2 6 0 6 3 2 2 5 0]
 [0 3 3 1 6 4 3 3 4 0 0 5 1 0 3]
 [4 6 2 6 1 0 5 4 6 1 2 1 3 1 4]
 [6 2 1 2 5 6 4 1 5 4 5 0 5 6 5]
 [1 4 0 4 3 2 1 0 3 3 4 4 6 3 6]
 [2 5 6 5 0 1 6 5 1 2 1 6 4 2 2]
 [5 0 4 0 4 5 0 2 2 5 6 3 0 4 1]]
userRanks
[[2, 1, 3, 4, 5, 6, 7], [5, 4, 1, 2, 6, 3, 7], [4, 2, 6, 5, 3, 1, 7], [7, 1, 6, 4, 5, 2, 3], [2, 1, 6, 5, 3, 7, 4], [2, 1, 3, 4, 5, 7, 6], [2, 4, 6, 5, 7, 3, 1], [3, 4, 1, 2, 6, 7, 5], [1, 2, 6, 3, 4, 5, 7], [6, 1, 4, 5, 3, 2, 7]]
aiRanks
[7 4 5 2 1 6 3]
score
3.0
prob
[[ 0.08600247  0.15107154  0.04102065  0.04177914  0.0386888   0.07961937
   0.14776625  0.00882507  0.02104556  0.02906728  0.01870565  0.04855865
   0.07071791  0.00784625  0.20928541]
 [ 0.07550121  0.00797929  0.00531225  0.08513763  0.00340568  0.06757236
   0.00159325  0.39185964  0.07520397  0.09735116  0.02787081  0.00984721
   0.00675628  0.0107154   0.13389386]
 [ 0.06441822  0.01252288  0.03964593  0.04364257  0.03887297  0.11522959
   0.03142111  0.00498295  0.00711877  0.03108128  0.02530721  0.00327758
   0.55585286  0.00191135  0.02471474]
 [ 0.16840626  0.06863547  0.10907922  0.04440771  0.02571963  0.14182923
   0.08319429  0.04484311  0.023909    0.0187328   0.06828596  0.00771491
   0.02964685  0.00311762  0.16247794]
 [ 0.03605597  0.1570495   0.00426281  0.0084032   0.05283963  0.21342394
   0.05493619  0.01876372  0.11705543  0.08747389  0.01241369  0.01492705
   0.03216217  0.01698058  0.17325222]
 [ 0.05169445  0.13997089  0.05706023  0.10905212  0.0209804   0.26335754
   0.07504912  0.00344129  0.01981577  0.01126584  0.10732159  0.02664213
   0.0433213   0.0061078   0.06491952]
 [ 0.21311318  0.01835309  0.04221206  0.18271434  0.02373784  0.08054336
   0.03494839  0.01419895  0.00601037  0.01820993  0.21048429  0.00118317
   0.11657278  0.00092827  0.03678997]]
[[4 1 4 4 1 1 1 5 6 5 4 6 1 6 2]
 [5 2 1 0 5 0 2 2 2 6 0 2 3 2 6]
 [2 6 2 2 6 6 6 0 5 3 2 3 4 3 5]
 [1 3 0 3 3 2 4 6 0 0 1 1 5 5 1]
 [0 5 6 1 0 3 5 4 3 2 3 4 0 0 3]
 [3 0 5 5 2 4 3 3 1 4 5 5 6 1 4]
 [6 4 3 6 4 5 0 1 4 1 6 0 2 4 0]]
userRanks
[[2, 1, 3, 4, 5, 6, 7], [5, 4, 1, 2, 6, 3, 7], [4, 2, 6, 5, 3, 1, 7], [7, 1, 6, 4, 5, 2, 3], [2, 1, 6, 5, 3, 7, 4], [2, 1, 3, 4, 5, 7, 6], [2, 4, 6, 5, 7, 3, 1], [3, 4, 1, 2, 6, 7, 5], [1, 2, 6, 3, 4, 5, 7], [6, 1, 4, 5, 3, 2, 7]]
aiRanks
[3 7 6 2 4 5 1]
score
1.9
prob
[[ 0.01321482  0.03809656  0.00827553  0.00145645  0.02466796  0.01048976
   0.04829291  0.00141253  0.02320156  0.00879607  0.02893905  0.02299711
   0.00092448  0.76215251  0.00708269]
 [ 0.11077184  0.07709401  0.14371179  0.11571122  0.02972318  0.08649304
   0.03047013  0.00353105  0.02541921  0.02531197  0.12861338  0.01815019
   0.03013264  0.02474004  0.15012631]
 [ 0.08046557  0.10738684  0.00534267  0.06097332  0.01623787  0.23076197
   0.01130971  0.03924656  0.10250554  0.06173616  0.02745736  0.02449777
   0.02624456  0.12608346  0.07975065]
 [ 0.04009864  0.03628622  0.01868125  0.00180674  0.10636668  0.02158804
   0.14182856  0.04320695  0.12132626  0.02947471  0.059729    0.3133419
   0.00850947  0.01240427  0.04535131]
 [ 0.04159325  0.1708601   0.03718886  0.01185394  0.02734785  0.07906301
   0.02464195  0.02304751  0.02931332  0.05112438  0.00783852  0.02384565
   0.16118093  0.0053281   0.30577263]
 [ 0.15187495  0.05002178  0.0386346   0.01124257  0.03643839  0.09998421
   0.04349098  0.03166379  0.10112963  0.02737653  0.05872534  0.09800173
   0.02497668  0.02111389  0.20532492]
 [ 0.04720053  0.02412631  0.06252832  0.0019583   0.28506171  0.04931849
   0.30245217  0.0047965   0.02458543  0.0330756   0.06268727  0.07233803
   0.00632294  0.00535581  0.01819258]]
[[0 6 2 0 2 0 2 0 0 0 4 1 0 4 0]
 [3 3 0 3 0 3 4 1 6 1 2 0 6 6 6]
 [4 0 3 6 4 6 1 6 1 5 0 4 3 3 3]
 [6 5 4 5 1 4 5 4 4 3 5 2 5 5 2]
 [2 1 5 4 5 1 0 5 5 6 3 6 2 1 1]
 [1 2 6 2 3 5 3 2 2 4 6 5 1 2 5]
 [5 4 1 1 6 2 6 3 3 2 1 3 4 0 4]]
userRanks
[[2, 1, 3, 4, 5, 6, 7], [5, 4, 1, 2, 6, 3, 7], [4, 2, 6, 5, 3, 1, 7], [7, 1, 6, 4, 5, 2, 3], [2, 1, 6, 5, 3, 7, 4], [2, 1, 3, 4, 5, 7, 6], [2, 4, 6, 5, 7, 3, 1], [3, 4, 1, 2, 6, 7, 5], [1, 2, 6, 3, 4, 5, 7], [6, 1, 4, 5, 3, 2, 7]]
aiRanks
[1 4 7 6 5 3 2]
score
1.6
prob
[[ 0.0729297   0.05212486  0.07688648  0.19822272  0.02039507  0.10744969
   0.03922209  0.05216713  0.05348579  0.03907232  0.04570507  0.01212913
   0.01395339  0.00940399  0.20685255]
 [ 0.12603899  0.07788169  0.01884195  0.05765231  0.01053088  0.08077267
   0.0159003   0.03137968  0.08042147  0.07245113  0.1255448   0.02441966
   0.00232156  0.06113919  0.21470372]
 [ 0.17535908  0.07223828  0.02097196  0.09167101  0.01758204  0.09364972
   0.08848888  0.01247394  0.04262516  0.05376098  0.01455596  0.01132509
   0.0344534   0.00531647  0.26552803]
 [ 0.14776454  0.02620465  0.01122995  0.00524325  0.05951042  0.05085665
   0.09289934  0.01097534  0.18749613  0.12252616  0.02791549  0.0573092
   0.00601224  0.01812612  0.1759305 ]
 [ 0.05669117  0.03847666  0.00394155  0.02891798  0.03257163  0.18448104
   0.02670133  0.09744354  0.06702155  0.10667002  0.03279643  0.01005336
   0.12428329  0.00146567  0.18848478]
 [ 0.32339716  0.05794342  0.02715868  0.0059975   0.06964554  0.0506054
   0.05126723  0.00928597  0.18105395  0.02350185  0.04076769  0.01981709
   0.00166262  0.0529775   0.08491838]
 [ 0.09390295  0.02409312  0.09568984  0.09204162  0.07036815  0.13650995
   0.10315073  0.01252438  0.01479081  0.07050232  0.03741391  0.03837671
   0.12350448  0.00252358  0.08460743]]
[[4 6 4 3 1 5 1 5 6 5 2 4 5 4 6]
 [0 3 3 5 2 3 4 3 2 0 3 2 1 6 5]
 [6 4 1 4 0 1 0 2 0 2 4 0 3 2 3]
 [1 0 2 1 4 2 5 6 4 6 6 5 0 0 4]
 [3 5 5 2 3 0 2 1 1 1 5 1 2 3 0]
 [2 2 0 6 5 6 3 0 5 4 0 6 6 5 1]
 [5 1 6 0 6 4 6 4 3 3 1 3 4 1 2]]
userRanks
[[2, 1, 3, 4, 5, 6, 7], [5, 4, 1, 2, 6, 3, 7], [4, 2, 6, 5, 3, 1, 7], [7, 1, 6, 4, 5, 2, 3], [2, 1, 6, 5, 3, 7, 4], [2, 1, 3, 4, 5, 7, 6], [2, 4, 6, 5, 7, 3, 1], [3, 4, 1, 2, 6, 7, 5], [1, 2, 6, 3, 4, 5, 7], [6, 1, 4, 5, 3, 2, 7]]
aiRanks
[6 1 3 7 2 5 4]
score
1.0
21.8
[2.9000000000000004, 3.1000000000000005, 3.2, 0.7999999999999999, 2.3999999999999995, 1.9000000000000004, 3.0, 1.9, 1.6, 1.0]
