testData
[[2, 62, 85, 104, 268, 55, 306, 68], [6, 64, 130, 37, 278, 16, 289, 38], [8, 3, 78, 164, 84, 36, 302, 77], [4, 83, 243, 138, 8, 249, 254, 307], [13, 1, 23, 281, 95, 125, 179, 66], [5, 247, 193, 211, 24, 17, 129, 315], [7, 135, 312, 288, 56, 58, 267, 71], [14, 236, 44, 153, 20, 218, 158, 6], [3, 111, 63, 48, 7, 287, 127, 4], [9, 86, 204, 314, 186, 295, 32, 76]]
userRanks
[[2, 1, 3, 4, 5, 6, 7], [5, 4, 1, 2, 6, 3, 7], [4, 2, 6, 5, 3, 1, 7], [7, 1, 6, 4, 5, 2, 3], [2, 1, 6, 5, 3, 7, 4], [2, 1, 3, 4, 5, 7, 6], [2, 4, 6, 5, 7, 3, 1], [3, 4, 1, 2, 6, 7, 5], [1, 2, 6, 3, 4, 5, 7], [6, 1, 4, 5, 3, 2, 7]]
prob
[[  7.41513329e-02   8.19512589e-02   9.22642070e-03   6.15432196e-03
    6.23641855e-02   1.15869438e-01   3.21335343e-02   4.87559894e-02
    3.90937709e-02   1.47163828e-01   6.09263752e-02   1.26329369e-01
    5.05414961e-02   1.66442233e-02   1.28694456e-01]
 [  8.60056347e-02   5.92656189e-02   3.29376697e-02   2.97165455e-02
    9.92775629e-02   1.40844458e-01   1.74212550e-01   1.51394183e-02
    8.03366242e-02   3.12759684e-02   1.17844487e-01   2.69157308e-02
    3.49370338e-02   4.14711310e-02   2.98195678e-02]
 [  1.50038597e-01   7.44860781e-02   1.12157887e-02   7.90350119e-03
    8.67982526e-02   8.15795840e-02   2.92294564e-02   1.42507504e-01
    1.53207556e-01   2.33035391e-02   5.59378811e-02   2.16746038e-02
    1.11820064e-02   5.00019206e-02   1.00933731e-01]
 [  2.87345311e-01   8.68570146e-02   3.88619782e-02   6.26881058e-02
    7.04020864e-02   1.01075388e-01   7.79153293e-02   1.67644461e-02
    4.71115420e-02   3.90592633e-02   4.94679456e-02   3.62623305e-02
    3.06525877e-02   2.38727704e-02   3.16639019e-02]
 [  1.03053391e-02   6.75318008e-02   1.51160572e-03   1.89383177e-03
    3.43429624e-01   4.37228087e-02   1.68473307e-01   2.06798844e-02
    1.38772988e-02   6.88949615e-02   9.40604119e-02   4.49199618e-02
    1.01318319e-01   1.19150675e-02   7.46577726e-03]
 [  1.20970024e-02   3.90023501e-02   1.28777269e-02   2.20792595e-03
    1.83037039e-01   4.03293914e-02   1.87627858e-01   1.50438190e-02
    5.75474975e-02   3.00409662e-02   4.21242758e-02   1.14708624e-01
    1.00075569e-01   1.14424657e-01   4.88552978e-02]
 [  2.49424372e-03   3.79437507e-02   3.83899432e-02   4.10374001e-04
    7.70532313e-02   7.02636931e-03   5.29700534e-01   1.23707628e-02
    1.47084892e-02   1.82274105e-03   1.15552147e-01   2.62522390e-02
    1.04164383e-01   2.25350553e-02   9.57573608e-03]]
[[6 6 4 6 0 6 2 6 4 6 5 2 2 4 4]
 [4 5 0 4 3 5 0 5 6 2 3 6 3 0 6]
 [5 1 2 5 6 4 3 1 0 5 2 1 1 6 1]
 [0 4 5 0 2 2 4 3 3 1 0 3 0 3 3]
 [1 2 1 2 1 3 1 4 5 3 4 4 5 1 5]
 [2 0 6 1 5 0 5 0 1 4 6 5 4 2 2]
 [3 3 3 3 4 1 6 2 2 0 1 0 6 5 0]]
userRanks
[[2, 1, 3, 4, 5, 6, 7], [5, 4, 1, 2, 6, 3, 7], [4, 2, 6, 5, 3, 1, 7], [7, 1, 6, 4, 5, 2, 3], [2, 1, 6, 5, 3, 7, 4], [2, 1, 3, 4, 5, 7, 6], [2, 4, 6, 5, 7, 3, 1], [3, 4, 1, 2, 6, 7, 5], [1, 2, 6, 3, 4, 5, 7], [6, 1, 4, 5, 3, 2, 7]]
aiRanks
[5 1 3 6 2 7 4]
score
1.8
prob
[[ 0.06671592  0.06860807  0.0461958   0.07317966  0.02218997  0.14137151
   0.03033742  0.04150555  0.02682711  0.05940596  0.05142028  0.0423438
   0.03642825  0.03943719  0.25403353]
 [ 0.05944907  0.10343831  0.02415368  0.01087512  0.10314321  0.12176387
   0.06600589  0.05719157  0.10362216  0.09948124  0.06782655  0.06162157
   0.03452334  0.04065494  0.04624949]
 [ 0.0184838   0.03711268  0.02266357  0.03115716  0.11326349  0.00816376
   0.05714603  0.16051839  0.04227821  0.02366772  0.1860622   0.10678254
   0.01669093  0.07929753  0.09671197]
 [ 0.022039    0.02689345  0.02797164  0.00134776  0.21204799  0.02171375
   0.16659209  0.07653041  0.02629886  0.0274038   0.11158416  0.10964886
   0.07479974  0.02586902  0.06925946]
 [ 0.02639978  0.06384163  0.01446869  0.00076504  0.31833847  0.0128186
   0.17424542  0.04347759  0.05020631  0.00951728  0.07795221  0.04704526
   0.07473165  0.03675018  0.04944189]
 [ 0.04316024  0.13632483  0.05750176  0.01847621  0.10070912  0.01232194
   0.15315738  0.03878623  0.03671122  0.02845045  0.08725122  0.08657972
   0.04196847  0.03802189  0.12057932]
 [ 0.08552328  0.06027295  0.05807783  0.06092413  0.10294913  0.09002605
   0.07167086  0.08250419  0.06520611  0.07177743  0.10435114  0.04918795
   0.02406932  0.03823528  0.03522434]]
[[2 3 4 4 0 2 0 5 3 4 0 0 2 3 6]
 [3 2 2 3 5 5 2 0 0 2 1 4 6 4 1]
 [4 6 1 1 6 4 1 4 5 3 4 6 1 5 4]
 [5 4 3 5 1 3 6 1 2 5 5 1 0 6 3]
 [1 0 0 2 2 6 5 3 4 0 6 5 5 0 2]
 [0 1 5 6 3 1 3 6 6 6 3 2 4 1 5]
 [6 5 6 0 4 0 4 2 1 1 2 3 3 2 0]]
userRanks
[[2, 1, 3, 4, 5, 6, 7], [5, 4, 1, 2, 6, 3, 7], [4, 2, 6, 5, 3, 1, 7], [7, 1, 6, 4, 5, 2, 3], [2, 1, 6, 5, 3, 7, 4], [2, 1, 3, 4, 5, 7, 6], [2, 4, 6, 5, 7, 3, 1], [3, 4, 1, 2, 6, 7, 5], [1, 2, 6, 3, 4, 5, 7], [6, 1, 4, 5, 3, 2, 7]]
aiRanks
[1 3 2 7 6 4 5]
score
2.3
prob
[[ 0.06820161  0.03082913  0.05776234  0.00582627  0.11085756  0.02137459
   0.48611471  0.00739241  0.04342761  0.00427962  0.07723496  0.02147162
   0.02640838  0.01837111  0.02044808]
 [ 0.04472764  0.21515163  0.0540984   0.07286378  0.05487999  0.04485688
   0.01551264  0.09833381  0.05533734  0.05271599  0.03572141  0.03491259
   0.01344698  0.07710753  0.1303334 ]
 [ 0.05612403  0.0348238   0.08164883  0.24790451  0.03861631  0.04118691
   0.02003381  0.07900204  0.05471032  0.05367642  0.07690086  0.03238296
   0.01320721  0.04889956  0.12088243]
 [ 0.0424682   0.04304481  0.00542412  0.00524314  0.10763314  0.0255777
   0.11234586  0.09467102  0.07082977  0.02605647  0.11874849  0.13630136
   0.00822433  0.04140754  0.16202405]
 [ 0.03989348  0.04321083  0.02927924  0.03973645  0.04196113  0.04436804
   0.00387579  0.11022851  0.09141808  0.03304605  0.04867598  0.02829119
   0.00345968  0.12376358  0.31879197]
 [ 0.34991845  0.08372739  0.00841732  0.11710981  0.02470161  0.13203244
   0.04405404  0.00761814  0.04561677  0.05327269  0.00963844  0.01758976
   0.00685318  0.06964129  0.02980867]
 [ 0.05219921  0.06712698  0.01814594  0.01946639  0.11679776  0.01263658
   0.29363701  0.08979355  0.02566489  0.02147794  0.09837678  0.06130093
   0.04517429  0.04279598  0.03540577]]
[[4 0 3 3 5 6 4 0 6 0 5 5 4 0 0]
 [3 2 5 0 2 0 1 5 0 6 1 0 5 3 5]
 [1 3 6 6 4 3 2 2 5 3 4 4 3 6 6]
 [6 4 4 4 1 2 5 6 2 4 2 2 2 2 2]
 [2 6 1 1 3 4 3 3 1 1 0 1 1 5 1]
 [0 5 0 5 0 1 6 1 3 5 6 6 0 1 3]
 [5 1 2 2 6 5 0 4 4 2 3 3 6 4 4]]
userRanks
[[2, 1, 3, 4, 5, 6, 7], [5, 4, 1, 2, 6, 3, 7], [4, 2, 6, 5, 3, 1, 7], [7, 1, 6, 4, 5, 2, 3], [2, 1, 6, 5, 3, 7, 4], [2, 1, 3, 4, 5, 7, 6], [2, 4, 6, 5, 7, 3, 1], [3, 4, 1, 2, 6, 7, 5], [1, 2, 6, 3, 4, 5, 7], [6, 1, 4, 5, 3, 2, 7]]
aiRanks
[7 1 6 3 2 4 5]
score
1.9
prob
[[  1.28777996e-01   1.66776572e-02   5.66958840e-02   1.30307156e-01
    2.84311436e-02   2.72581565e-02   2.71314896e-03   2.21147785e-01
    5.26967510e-02   7.54996212e-02   3.14256661e-02   8.12821428e-02
    1.22700404e-02   6.19226329e-02   7.28942175e-02]
 [  6.68604649e-03   4.20786419e-02   7.08976290e-02   3.80765047e-04
    6.61676609e-02   5.63969243e-03   6.08381854e-01   2.32665533e-03
    1.00538311e-02   1.81711155e-03   1.73780701e-02   7.68410357e-03
    1.40616150e-01   9.90776244e-03   9.98402637e-03]
 [  4.47223235e-02   1.20605650e-01   5.25641372e-03   1.15430403e-02
    9.70578393e-02   3.12880570e-02   1.24563466e-02   2.15717810e-01
    6.13763161e-02   6.94942718e-02   1.11616146e-01   1.03345896e-01
    2.14542008e-02   2.95966910e-02   6.44689965e-02]
 [  1.91645531e-02   5.31169903e-02   1.38695916e-01   9.76202128e-03
    1.20370697e-01   1.75623398e-02   1.51519943e-01   6.49528622e-02
    2.61494892e-02   9.65015361e-03   8.87846379e-02   4.11139578e-02
    2.07249978e-01   3.28279808e-02   1.90784797e-02]
 [  7.20324370e-03   1.63638782e-02   1.11032371e-01   2.06399406e-03
    5.47755443e-02   5.57466544e-03   5.98819087e-01   6.86098086e-03
    2.02273036e-02   2.54391413e-03   4.48652509e-02   4.62110935e-02
    3.11152451e-02   4.54606007e-02   6.88282768e-03]
 [  6.37487841e-02   2.17416355e-01   1.18459770e-02   2.04455219e-01
    3.53685332e-02   1.57068598e-01   1.18039194e-02   2.21847002e-02
    4.57928047e-02   8.58151235e-02   1.74557194e-02   3.98573867e-02
    5.51412271e-03   4.42458632e-02   3.74268939e-02]
 [  5.84757411e-01   5.23856465e-02   2.04503759e-02   5.42150457e-02
    2.79916387e-02   6.52989929e-02   1.13382374e-02   1.24519306e-02
    2.73213019e-02   2.95420876e-02   1.56189385e-02   1.01772591e-02
    1.11924811e-02   1.72735623e-02   5.99850911e-02]]
[[1 4 2 1 6 4 0 1 1 1 6 1 5 1 4]
 [4 0 5 4 0 1 6 4 4 4 1 6 6 6 1]
 [3 1 6 3 5 3 5 6 3 3 5 5 0 2 3]
 [2 6 0 2 4 0 2 5 6 6 0 3 2 3 5]
 [5 3 1 6 1 2 3 3 5 2 4 4 4 5 6]
 [0 2 4 0 2 6 4 2 0 0 3 0 1 4 2]
 [6 5 3 5 3 5 1 0 2 5 2 2 3 0 0]]
userRanks
[[2, 1, 3, 4, 5, 6, 7], [5, 4, 1, 2, 6, 3, 7], [4, 2, 6, 5, 3, 1, 7], [7, 1, 6, 4, 5, 2, 3], [2, 1, 6, 5, 3, 7, 4], [2, 1, 3, 4, 5, 7, 6], [2, 4, 6, 5, 7, 3, 1], [3, 4, 1, 2, 6, 7, 5], [1, 2, 6, 3, 4, 5, 7], [6, 1, 4, 5, 3, 2, 7]]
aiRanks
[7 1 6 5 2 3 4]
score
0.6
prob
[[ 0.01888255  0.03753416  0.10448297  0.01422738  0.13788402  0.06956847
   0.21153734  0.02385424  0.02111524  0.01320635  0.19007603  0.03982047
   0.08596541  0.0175873   0.01425806]
 [ 0.01728793  0.04497481  0.01627539  0.00035459  0.17722661  0.05014028
   0.10339841  0.04303869  0.03978539  0.03515607  0.08593788  0.05723683
   0.13942732  0.04059814  0.14916167]
 [ 0.06278509  0.08739424  0.05441936  0.03062769  0.12103461  0.08573114
   0.11897148  0.04601974  0.06948379  0.07471195  0.07163267  0.09255751
   0.03240945  0.02617071  0.02605056]
 [ 0.07409578  0.10333269  0.00334815  0.00554101  0.09207149  0.0424783
   0.08386773  0.04059325  0.08440763  0.03615961  0.06127749  0.03799065
   0.01508484  0.06715504  0.25259634]
 [ 0.08494613  0.02131906  0.00167939  0.00894463  0.03915135  0.06568839
   0.00199877  0.06186457  0.03068082  0.30392979  0.0050213   0.05041943
   0.02567775  0.03494676  0.26373186]
 [ 0.0403734   0.03569726  0.2583332   0.01580967  0.03771538  0.05525215
   0.09844346  0.03801764  0.02161495  0.02043144  0.04911423  0.04002614
   0.07383801  0.09016897  0.1251641 ]
 [ 0.12811708  0.09507529  0.08858983  0.18100216  0.04461408  0.13745315
   0.03274008  0.02564418  0.03077288  0.0464468   0.03065078  0.01815606
   0.01930888  0.04342237  0.07800638]]
[[1 4 4 1 5 3 4 0 0 0 4 6 3 0 0]
 [0 5 3 3 4 1 6 6 5 5 6 3 6 2 2]
 [5 0 1 4 6 5 3 5 4 1 5 0 4 4 6]
 [2 1 2 0 3 4 5 3 6 3 3 5 2 1 5]
 [3 2 6 5 2 0 1 1 1 6 2 4 5 6 1]
 [4 6 0 2 0 2 2 2 2 2 1 1 0 3 3]
 [6 3 5 6 1 6 0 4 3 4 0 2 1 5 4]]
userRanks
[[2, 1, 3, 4, 5, 6, 7], [5, 4, 1, 2, 6, 3, 7], [4, 2, 6, 5, 3, 1, 7], [7, 1, 6, 4, 5, 2, 3], [2, 1, 6, 5, 3, 7, 4], [2, 1, 3, 4, 5, 7, 6], [2, 4, 6, 5, 7, 3, 1], [3, 4, 1, 2, 6, 7, 5], [1, 2, 6, 3, 4, 5, 7], [6, 1, 4, 5, 3, 2, 7]]
aiRanks
[1 3 5 2 7 4 6]
score
2.0
prob
[[  6.99804162e-02   2.40368822e-02   1.10052179e-03   1.00458810e-02
    4.62787602e-02   4.07872470e-02   1.57261925e-02   1.08166368e-01
    1.06398390e-01   1.39198171e-01   1.69226632e-02   1.40266155e-01
    7.17683089e-03   8.50707028e-02   1.88844818e-01]
 [  3.51215431e-02   8.89230985e-02   3.12681399e-02   2.23093431e-03
    1.06298070e-01   1.53550164e-01   1.43464243e-01   2.61471008e-02
    6.17221344e-02   2.70409260e-02   1.29324728e-01   3.02986494e-02
    5.78518172e-02   1.78646934e-02   8.88937581e-02]
 [  1.07485267e-02   3.50383404e-02   1.79221301e-02   6.69532159e-04
    9.82390617e-02   1.38213364e-02   1.38589826e-01   6.39863084e-02
    9.50756659e-02   2.51007321e-02   3.65165295e-02   1.66231306e-01
    3.56135410e-02   6.02484919e-02   2.02198671e-01]
 [  4.30794355e-02   2.69202188e-02   1.96731280e-02   1.00123026e-02
    4.08919870e-02   4.14089201e-02   6.99138002e-03   3.89810877e-02
    1.10565142e-01   3.01110321e-02   2.80337738e-02   4.61140609e-02
    3.72120889e-03   9.27034956e-02   4.60792827e-01]
 [  1.74056919e-01   2.88509979e-02   6.47182327e-02   8.92545426e-02
    9.83230834e-02   6.21676001e-02   8.80612501e-02   1.41984335e-02
    8.09307320e-02   3.25385573e-02   8.63674414e-02   2.70279034e-02
    3.10482430e-02   5.94094023e-02   6.30466619e-02]
 [  1.07647520e-02   5.65616995e-02   1.84530969e-02   1.17234683e-04
    2.19446930e-01   2.72375366e-02   2.76381235e-01   5.71252595e-03
    1.12746278e-02   1.45771470e-02   1.93282563e-02   1.01050960e-02
    2.98765749e-01   4.54082025e-03   2.67332932e-02]
 [  2.40994560e-02   2.68693324e-02   6.42054301e-02   8.15697996e-03
    1.03517002e-01   5.04482912e-02   3.82473522e-01   1.90279629e-02
    5.26347607e-02   1.50862912e-02   5.55936857e-02   6.61746777e-02
    2.90425001e-02   8.61577350e-02   1.65123734e-02]]
[[2 0 0 5 3 2 3 5 5 5 0 5 3 5 6]
 [5 6 2 2 0 5 0 4 6 6 5 4 0 1 5]
 [6 3 5 1 2 0 4 6 1 2 3 1 6 4 4]
 [1 4 3 6 4 3 2 1 4 1 2 3 4 2 1]
 [3 2 1 3 6 6 1 3 2 3 6 6 2 0 0]
 [0 5 6 0 1 4 5 2 0 4 4 0 1 6 2]
 [4 1 4 4 5 1 6 0 3 0 1 2 5 3 3]]
userRanks
[[2, 1, 3, 4, 5, 6, 7], [5, 4, 1, 2, 6, 3, 7], [4, 2, 6, 5, 3, 1, 7], [7, 1, 6, 4, 5, 2, 3], [2, 1, 6, 5, 3, 7, 4], [2, 1, 3, 4, 5, 7, 6], [2, 4, 6, 5, 7, 3, 1], [3, 4, 1, 2, 6, 7, 5], [1, 2, 6, 3, 4, 5, 7], [6, 1, 4, 5, 3, 2, 7]]
aiRanks
[3 6 1 4 7 5 2]
score
2.3
prob
[[ 0.04413113  0.20831448  0.03664915  0.03475145  0.10881983  0.04389278
   0.18850023  0.02045594  0.03726063  0.04677165  0.07715439  0.08845805
   0.04124164  0.0130872   0.01051145]
 [ 0.06997851  0.05141124  0.00968558  0.00185083  0.03151393  0.10939777
   0.06567347  0.04893034  0.12987731  0.02973285  0.07571724  0.06840224
   0.0127444   0.04089374  0.25419055]
 [ 0.05228768  0.0332069   0.00156005  0.00952751  0.0323458   0.03144017
   0.0026675   0.34311708  0.11456375  0.11731655  0.01680296  0.05998716
   0.00376155  0.08559452  0.09582082]
 [ 0.0055563   0.06520523  0.01416887  0.00037161  0.16905479  0.03032035
   0.10995457  0.04950716  0.05871547  0.04646235  0.06807523  0.07592874
   0.16007502  0.03422443  0.11237987]
 [ 0.02792082  0.06178126  0.0372316   0.00673776  0.1947187   0.02817926
   0.08064334  0.05049266  0.05449693  0.03373337  0.10811521  0.05655791
   0.15374187  0.04701019  0.05863913]
 [ 0.10925569  0.0710314   0.00034793  0.02007546  0.10022783  0.07044647
   0.01659531  0.15859973  0.05512477  0.19433685  0.07045389  0.08969751
   0.00497495  0.01446357  0.02436865]
 [ 0.04413514  0.03813276  0.15913585  0.00420522  0.05322266  0.06367591
   0.19903237  0.01889306  0.04847657  0.03126226  0.10157166  0.03655152
   0.04325586  0.01881481  0.13963434]]
[[3 2 5 3 1 4 2 6 0 1 2 6 2 0 0]
 [4 6 2 1 2 3 5 0 6 6 3 4 5 5 5]
 [0 1 1 6 6 2 1 1 4 4 5 2 1 6 4]
 [6 4 3 4 5 0 4 3 5 3 1 1 0 3 2]
 [2 3 0 2 0 6 3 4 3 0 0 3 6 1 3]
 [1 5 4 5 3 5 0 5 2 2 6 0 4 4 6]
 [5 0 6 0 4 1 6 2 1 5 4 5 3 2 1]]
userRanks
[[2, 1, 3, 4, 5, 6, 7], [5, 4, 1, 2, 6, 3, 7], [4, 2, 6, 5, 3, 1, 7], [7, 1, 6, 4, 5, 2, 3], [2, 1, 6, 5, 3, 7, 4], [2, 1, 3, 4, 5, 7, 6], [2, 4, 6, 5, 7, 3, 1], [3, 4, 1, 2, 6, 7, 5], [1, 2, 6, 3, 4, 5, 7], [6, 1, 4, 5, 3, 2, 7]]
aiRanks
[7 1 2 4 5 6 3]
score
3.3
prob
[[ 0.13109031  0.0701892   0.03809988  0.02357034  0.1017194   0.07572328
   0.15720316  0.02130384  0.01523019  0.09971175  0.03309953  0.04064443
   0.08295774  0.00908165  0.1003753 ]
 [ 0.03294409  0.00805804  0.0012759   0.13212795  0.00823837  0.04080179
   0.0004568   0.21744299  0.07016033  0.1110282   0.01754037  0.1457814
   0.00105676  0.13029067  0.08279634]
 [ 0.13725404  0.02980386  0.01954658  0.03743448  0.04842725  0.12822916
   0.01199327  0.01427002  0.01140653  0.14682617  0.02268382  0.03313111
   0.31167483  0.01679073  0.03052816]
 [ 0.14247831  0.06157543  0.06417443  0.09692688  0.03297827  0.10024132
   0.02317668  0.11152986  0.03757811  0.05732841  0.03201382  0.07245297
   0.01998219  0.0547402   0.09282311]
 [ 0.1310981   0.0660184   0.00076973  0.00210542  0.10604162  0.13059127
   0.03865011  0.02691067  0.09211764  0.14417317  0.01477257  0.02609664
   0.02482314  0.03130419  0.16452734]
 [ 0.07169017  0.14871664  0.03343677  0.06969815  0.04660528  0.18359422
   0.054233    0.03463281  0.03137329  0.05093441  0.11182587  0.04763563
   0.05376285  0.01682359  0.04503734]
 [ 0.12045192  0.01340531  0.00536614  0.4260718   0.01232821  0.04836079
   0.00584657  0.04276358  0.01368128  0.16159297  0.0504778   0.03784598
   0.0114226   0.03101137  0.01937367]]
[[1 1 4 4 1 1 1 2 2 5 4 4 1 0 6]
 [5 6 1 0 6 6 6 0 6 3 1 2 6 2 2]
 [6 2 6 2 3 0 2 4 0 0 2 6 3 5 5]
 [0 3 2 5 5 3 3 5 5 1 3 0 4 6 1]
 [4 4 5 3 2 2 4 6 3 4 0 5 5 4 3]
 [2 0 0 1 0 4 5 3 1 2 6 3 0 3 0]
 [3 5 3 6 4 5 0 1 4 6 5 1 2 1 4]]
userRanks
[[2, 1, 3, 4, 5, 6, 7], [5, 4, 1, 2, 6, 3, 7], [4, 2, 6, 5, 3, 1, 7], [7, 1, 6, 4, 5, 2, 3], [2, 1, 6, 5, 3, 7, 4], [2, 1, 3, 4, 5, 7, 6], [2, 4, 6, 5, 7, 3, 1], [3, 4, 1, 2, 6, 7, 5], [1, 2, 6, 3, 4, 5, 7], [6, 1, 4, 5, 3, 2, 7]]
aiRanks
[7 3 6 2 4 1 5]
score
2.7
prob
[[ 0.02536487  0.07232494  0.01415749  0.00359152  0.04131598  0.01549566
   0.28174985  0.00420783  0.05304442  0.00534914  0.02723504  0.03345081
   0.01325568  0.35024195  0.05921482]
 [ 0.06403533  0.03869778  0.19345431  0.14750834  0.04239017  0.07504674
   0.02258975  0.0321373   0.04187014  0.03955228  0.09102064  0.01820715
   0.03426783  0.04506036  0.11416187]
 [ 0.13309811  0.09745245  0.00119239  0.01944363  0.04436627  0.1469007
   0.00707414  0.03099832  0.09323119  0.15285745  0.01966259  0.10150283
   0.01402068  0.06118836  0.07701088]
 [ 0.04553693  0.03388082  0.01704762  0.00103368  0.13208047  0.01808585
   0.30817767  0.03923463  0.07836232  0.01618039  0.06553586  0.06654913
   0.03325102  0.04126373  0.10377987]
 [ 0.10606947  0.15088064  0.00985032  0.01557448  0.06858708  0.07089837
   0.01195738  0.04757404  0.02851951  0.22703698  0.01344629  0.05919614
   0.03236327  0.01483901  0.14320702]
 [ 0.09687752  0.0506307   0.04234448  0.00425059  0.0748136   0.08262923
   0.03685431  0.06392855  0.06664982  0.04197741  0.04138543  0.0941094
   0.04118485  0.04817311  0.21419102]
 [ 0.01857035  0.05070547  0.04587298  0.00104108  0.18460414  0.03808065
   0.2073101   0.08378515  0.03285265  0.016235    0.06676191  0.03933692
   0.11988919  0.03931027  0.05564414]]
[[6 3 2 3 0 0 2 0 4 0 4 1 0 4 6]
 [0 1 4 6 1 3 4 2 6 3 2 0 2 6 0]
 [3 5 0 0 2 6 1 1 1 6 0 6 4 3 2]
 [1 6 3 5 4 4 5 3 0 1 5 4 3 1 3]
 [5 0 5 4 5 1 6 4 5 5 3 3 1 5 1]
 [4 2 6 2 3 5 0 5 3 2 6 5 5 2 4]
 [2 4 1 1 6 2 3 6 2 4 1 2 6 0 5]]
userRanks
[[2, 1, 3, 4, 5, 6, 7], [5, 4, 1, 2, 6, 3, 7], [4, 2, 6, 5, 3, 1, 7], [7, 1, 6, 4, 5, 2, 3], [2, 1, 6, 5, 3, 7, 4], [2, 1, 3, 4, 5, 7, 6], [2, 4, 6, 5, 7, 3, 1], [3, 4, 1, 2, 6, 7, 5], [1, 2, 6, 3, 4, 5, 7], [6, 1, 4, 5, 3, 2, 7]]
aiRanks
[4 7 1 6 5 3 2]
score
3.5
prob
[[  1.09101772e-01   3.06010528e-02   5.60154131e-02   2.01161241e-01
    4.48059156e-02   8.17770928e-02   1.78744064e-02   5.25933166e-02
    5.81074534e-02   7.72862870e-02   5.39137649e-02   6.08103608e-02
    1.82276063e-02   5.91799592e-02   7.85443586e-02]
 [  4.49073596e-02   6.38421499e-02   4.17138679e-03   5.24186689e-02
    2.75915286e-02   3.68819374e-02   1.35233015e-02   2.13670228e-01
    6.30309448e-02   5.03142097e-02   1.02738123e-01   8.18919539e-02
    2.16852760e-03   7.46348582e-02   1.68214822e-01]
 [  2.72177267e-01   5.40485384e-02   1.17716044e-02   6.82730152e-02
    4.37979199e-02   7.80602947e-02   7.63251948e-02   4.30696334e-02
    2.38222210e-02   1.08425754e-01   3.62407215e-02   4.15976633e-02
    1.83586780e-02   1.50441922e-02   1.08987302e-01]
 [  8.20427629e-02   5.13596909e-02   3.24628180e-03   1.23529215e-03
    1.15244296e-01   3.47064069e-02   9.79269328e-02   7.93746101e-02
    1.03810222e-01   5.11678893e-02   5.17882777e-02   5.86053495e-02
    1.28195982e-02   2.97736346e-02   2.26898755e-01]
 [  6.69743961e-02   1.01449289e-02   2.19873455e-04   1.10799285e-02
    3.25728068e-02   7.49951855e-02   4.31066998e-03   3.97120632e-02
    4.76870168e-02   5.36955137e-01   1.42772429e-02   6.44553154e-02
    6.29232949e-03   3.45872553e-02   5.57358511e-02]
 [  1.14596409e-01   6.88029064e-02   1.28338138e-02   4.27285406e-03
    7.29797770e-02   4.45225535e-02   4.52822137e-02   6.07356465e-02
    3.05296600e-01   2.73565740e-02   2.86005031e-02   2.42646865e-02
    3.77196078e-03   8.92882942e-02   9.73952080e-02]
 [  9.65046285e-02   3.37907562e-02   4.80110836e-02   1.13866491e-01
    7.15586683e-02   1.32851884e-01   5.05661784e-02   2.75730677e-02
    2.33529777e-02   1.01559595e-01   6.60623468e-02   6.11674265e-02
    8.78762404e-02   2.75756310e-02   5.76830260e-02]]
[[1 4 4 3 1 3 4 6 6 5 4 5 1 2 4]
 [4 0 3 5 4 1 1 4 2 1 5 2 5 6 6]
 [3 6 1 4 2 5 0 2 4 3 2 3 4 3 0]
 [6 3 2 1 0 4 5 0 0 0 3 0 3 4 5]
 [0 2 5 2 6 2 6 5 1 6 0 6 0 0 2]
 [5 1 6 6 5 0 2 3 3 2 6 4 2 1 1]
 [2 5 0 0 3 6 3 1 5 4 1 1 6 5 3]]
userRanks
[[2, 1, 3, 4, 5, 6, 7], [5, 4, 1, 2, 6, 3, 7], [4, 2, 6, 5, 3, 1, 7], [7, 1, 6, 4, 5, 2, 3], [2, 1, 6, 5, 3, 7, 4], [2, 1, 3, 4, 5, 7, 6], [2, 4, 6, 5, 7, 3, 1], [3, 4, 1, 2, 6, 7, 5], [1, 2, 6, 3, 4, 5, 7], [6, 1, 4, 5, 3, 2, 7]]
aiRanks
[6 2 4 1 7 3 5]
score
1.3
21.7
[1.8, 2.3000000000000003, 1.9, 0.6, 2.0, 2.3, 3.3000000000000007, 2.7, 3.5000000000000004, 1.3]
