testData
[[2, 62, 85, 104, 268, 55, 306, 68], [6, 64, 130, 37, 278, 16, 289, 38], [8, 3, 78, 164, 84, 36, 302, 77], [4, 83, 243, 138, 8, 249, 254, 307], [13, 1, 23, 281, 95, 125, 179, 66], [5, 247, 193, 211, 24, 17, 129, 315], [7, 135, 312, 288, 56, 58, 267, 71], [14, 236, 44, 153, 20, 218, 158, 6], [3, 111, 63, 48, 7, 287, 127, 4], [9, 86, 204, 314, 186, 295, 32, 76]]
userRanks
[[2, 1, 3, 4, 5, 6, 7], [5, 4, 1, 2, 6, 3, 7], [4, 2, 6, 5, 3, 1, 7], [7, 1, 6, 4, 5, 2, 3], [2, 1, 6, 5, 3, 7, 4], [2, 1, 3, 4, 5, 7, 6], [2, 4, 6, 5, 7, 3, 1], [3, 4, 1, 2, 6, 7, 5], [1, 2, 6, 3, 4, 5, 7], [6, 1, 4, 5, 3, 2, 7]]
prob
[[ 0.10584242  0.05041899  0.01325112  0.01175452  0.022213    0.15015321
   0.0320606   0.03526177  0.05501634  0.05207514  0.03751562  0.13376922
   0.10462907  0.00928281  0.18675618]
 [ 0.08200281  0.05021239  0.04828519  0.05022692  0.13722632  0.14150296
   0.20920869  0.01174739  0.0336595   0.0120516   0.13756926  0.02658485
   0.01549475  0.02751112  0.01671625]
 [ 0.23433207  0.03002187  0.02023644  0.01418571  0.09037682  0.14794625
   0.04056694  0.06481351  0.09711194  0.02470236  0.07740445  0.02019319
   0.0046239   0.04095754  0.09252701]
 [ 0.44997596  0.02963853  0.06368107  0.08326065  0.04437822  0.0800756
   0.07641056  0.00596237  0.03438259  0.01538194  0.02419973  0.0180951
   0.030484    0.01506835  0.02900533]
 [ 0.00629676  0.07214449  0.00623225  0.00813001  0.38580698  0.06276251
   0.19454843  0.0130091   0.014652    0.02331456  0.05044325  0.07882513
   0.06404862  0.00739905  0.01238684]
 [ 0.00433349  0.05748644  0.01179907  0.00306014  0.22263627  0.0379483
   0.19310173  0.04304468  0.07955193  0.05292615  0.00993464  0.20197883
   0.04069552  0.01433629  0.02716652]
 [ 0.00393455  0.03788805  0.0372606   0.00156415  0.11374662  0.01533973
   0.48749817  0.013919    0.01668419  0.00469773  0.1146095   0.09456959
   0.01506425  0.03378368  0.00944021]]
[[6 3 4 6 0 6 0 3 4 6 5 3 2 4 6]
 [5 2 5 5 3 5 2 1 6 1 3 2 6 0 4]
 [4 6 0 4 2 4 3 4 1 3 0 1 1 5 1]
 [1 1 2 0 6 3 5 6 3 4 4 4 3 3 5]
 [0 0 6 2 1 1 4 0 0 2 2 6 5 1 3]
 [2 5 1 1 5 2 1 5 5 0 6 0 4 6 2]
 [3 4 3 3 4 0 6 2 2 5 1 5 0 2 0]]
userRanks
[[2, 1, 3, 4, 5, 6, 7], [5, 4, 1, 2, 6, 3, 7], [4, 2, 6, 5, 3, 1, 7], [7, 1, 6, 4, 5, 2, 3], [2, 1, 6, 5, 3, 7, 4], [2, 1, 3, 4, 5, 7, 6], [2, 4, 6, 5, 7, 3, 1], [3, 4, 1, 2, 6, 7, 5], [1, 2, 6, 3, 4, 5, 7], [6, 1, 4, 5, 3, 2, 7]]
aiRanks
[5 6 1 3 7 2 4]
score
3.1
prob
[[ 0.08851326  0.09222949  0.04918921  0.05564443  0.02271677  0.12755289
   0.04819917  0.03989109  0.03161183  0.04378882  0.08486552  0.03460552
   0.04870753  0.04414127  0.1883432 ]
 [ 0.10859772  0.0803362   0.05561834  0.02987536  0.07138198  0.14089608
   0.09898717  0.03541079  0.10027665  0.04823132  0.07729852  0.0514949
   0.0413819   0.01631357  0.04389952]
 [ 0.03235277  0.04186801  0.0443664   0.01645712  0.04130371  0.01450711
   0.05764382  0.11185497  0.04903366  0.02865768  0.25737258  0.14685486
   0.01053856  0.07148724  0.0757015 ]
 [ 0.03276215  0.01883294  0.01733887  0.00187102  0.15121636  0.03926058
   0.15353402  0.03507978  0.033378    0.02659854  0.1164088   0.21292609
   0.02623044  0.03782616  0.09673625]
 [ 0.02008381  0.05337674  0.01810705  0.00093902  0.37768816  0.02614619
   0.15269701  0.03550621  0.02758798  0.01018107  0.07799647  0.09423401
   0.0152889   0.0558442   0.03432318]
 [ 0.06023811  0.12510628  0.04645805  0.01035216  0.05143663  0.01701877
   0.13099485  0.02448647  0.04714734  0.02351471  0.06420226  0.16501618
   0.03778043  0.1273796   0.06886813]
 [ 0.23724277  0.04030022  0.07578478  0.05461632  0.0504159   0.09851063
   0.07195997  0.02062298  0.04314764  0.02111737  0.16858098  0.0365526
   0.0165764   0.04633692  0.0182345 ]]
[[4 3 3 4 0 2 0 6 4 4 5 0 2 1 6]
 [2 6 4 3 2 5 2 5 0 6 1 6 4 3 4]
 [3 2 2 5 6 4 6 3 3 5 4 1 6 0 1]
 [5 4 5 2 5 3 1 1 6 3 0 4 3 6 5]
 [0 1 0 1 1 6 5 4 5 2 3 2 5 4 2]
 [1 0 1 6 3 0 4 0 2 0 6 5 1 2 3]
 [6 5 6 0 4 1 3 2 1 1 2 3 0 5 0]]
userRanks
[[2, 1, 3, 4, 5, 6, 7], [5, 4, 1, 2, 6, 3, 7], [4, 2, 6, 5, 3, 1, 7], [7, 1, 6, 4, 5, 2, 3], [2, 1, 6, 5, 3, 7, 4], [2, 1, 3, 4, 5, 7, 6], [2, 4, 6, 5, 7, 3, 1], [3, 4, 1, 2, 6, 7, 5], [1, 2, 6, 3, 4, 5, 7], [6, 1, 4, 5, 3, 2, 7]]
aiRanks
[1 3 7 2 6 5 4]
score
2.5
prob
[[ 0.16610361  0.03096873  0.04195451  0.00860348  0.12340488  0.03461204
   0.33923263  0.00746917  0.05719904  0.00670902  0.0404585   0.07003172
   0.0141433   0.04933958  0.00976979]
 [ 0.06852919  0.15036144  0.10866502  0.0337553   0.03741434  0.05532532
   0.0283526   0.03144436  0.03082259  0.0263225   0.0811552   0.03109489
   0.00884403  0.21031048  0.09760274]
 [ 0.11253046  0.0426382   0.10738542  0.19293543  0.01890376  0.0442263
   0.02864924  0.0480257   0.04763186  0.04273694  0.12424035  0.02666387
   0.01125888  0.027209    0.12496458]
 [ 0.05344256  0.01721328  0.0082082   0.00744265  0.03448506  0.04831114
   0.08702352  0.07760332  0.06803766  0.01944045  0.08994198  0.21735622
   0.00539926  0.07935486  0.18673984]
 [ 0.05266229  0.05060192  0.0568476   0.01793253  0.02538838  0.05610683
   0.00911675  0.09103608  0.06547295  0.04163588  0.1159692   0.02836305
   0.00259787  0.06136356  0.3249051 ]
 [ 0.3706187   0.05955277  0.02220508  0.14214596  0.03448582  0.13818135
   0.08859414  0.00971007  0.03353764  0.03636472  0.00542247  0.00643367
   0.00835181  0.02347988  0.02091592]
 [ 0.11875532  0.09383589  0.03920278  0.02002542  0.088239    0.02036805
   0.22669222  0.07274012  0.04234575  0.02507322  0.06291116  0.0904803
   0.03248893  0.02953447  0.03730734]]
[[4 3 3 3 2 6 4 0 1 0 5 5 4 5 0]
 [3 0 5 0 4 0 1 5 5 3 0 2 3 2 5]
 [1 2 6 4 3 2 2 1 6 6 6 4 5 6 6]
 [2 4 0 6 5 3 3 2 2 1 1 1 1 0 1]
 [6 5 4 1 1 1 5 6 0 5 3 0 2 4 2]
 [0 6 2 5 6 4 6 3 4 4 4 6 0 3 3]
 [5 1 1 2 0 5 0 4 3 2 2 3 6 1 4]]
userRanks
[[2, 1, 3, 4, 5, 6, 7], [5, 4, 1, 2, 6, 3, 7], [4, 2, 6, 5, 3, 1, 7], [7, 1, 6, 4, 5, 2, 3], [2, 1, 6, 5, 3, 7, 4], [2, 1, 3, 4, 5, 7, 6], [2, 4, 6, 5, 7, 3, 1], [3, 4, 1, 2, 6, 7, 5], [1, 2, 6, 3, 4, 5, 7], [6, 1, 4, 5, 3, 2, 7]]
aiRanks
[2 6 7 3 1 5 4]
score
2.6
prob
[[ 0.36523799  0.00957299  0.07717717  0.05434082  0.01471826  0.03215489
   0.00533584  0.11530447  0.03931742  0.05818996  0.09568707  0.01652507
   0.01034136  0.00979295  0.09630374]
 [ 0.00843484  0.06411371  0.04105072  0.00140303  0.17015556  0.00837281
   0.58076878  0.00277212  0.0165851   0.00670938  0.00592662  0.03502782
   0.0349944   0.01303952  0.0106456 ]
 [ 0.07121402  0.04147564  0.02365662  0.01717506  0.05765151  0.06517534
   0.02088838  0.08404895  0.05947247  0.03145609  0.2354207   0.09698574
   0.02680838  0.04371438  0.12485671]
 [ 0.03148224  0.07458652  0.06906416  0.01496195  0.21230141  0.03607588
   0.15382781  0.04479077  0.03773094  0.01699288  0.10439029  0.09055451
   0.0496161   0.04314877  0.02047576]
 [ 0.02213968  0.01708558  0.0417309   0.00363697  0.06232211  0.01089496
   0.54484342  0.01198687  0.03576454  0.00876282  0.04008463  0.09773054
   0.00900707  0.09049419  0.00351573]
 [ 0.05700421  0.27386982  0.04479356  0.17081717  0.03392792  0.17081084
   0.02922569  0.02601505  0.03644798  0.03913859  0.01816891  0.02532876
   0.01178385  0.02054958  0.04211807]
 [ 0.76562101  0.01575549  0.02487662  0.03048235  0.02112136  0.0300298
   0.01322046  0.00463762  0.01880389  0.01501719  0.00741885  0.00278332
   0.00812747  0.01236135  0.02974323]]
[[1 0 2 1 0 1 0 1 1 1 1 6 6 0 4]
 [4 6 6 4 6 4 6 6 6 4 6 0 4 6 1]
 [3 4 1 3 5 6 2 4 4 6 5 5 0 1 3]
 [5 2 4 2 2 0 5 5 5 3 4 1 5 5 6]
 [2 1 5 6 4 3 3 3 3 2 0 3 2 3 5]
 [0 3 3 0 1 2 4 2 0 5 3 2 1 2 0]
 [6 5 0 5 3 5 1 0 2 0 2 4 3 4 2]]
userRanks
[[2, 1, 3, 4, 5, 6, 7], [5, 4, 1, 2, 6, 3, 7], [4, 2, 6, 5, 3, 1, 7], [7, 1, 6, 4, 5, 2, 3], [2, 1, 6, 5, 3, 7, 4], [2, 1, 3, 4, 5, 7, 6], [2, 4, 6, 5, 7, 3, 1], [3, 4, 1, 2, 6, 7, 5], [1, 2, 6, 3, 4, 5, 7], [6, 1, 4, 5, 3, 2, 7]]
aiRanks
[1 7 6 3 5 2 4]
score
3.2
prob
[[ 0.03765058  0.02947799  0.07697339  0.03595467  0.11488665  0.09079126
   0.19896339  0.01030957  0.01797484  0.0092679   0.24970313  0.05414192
   0.02518262  0.03431726  0.01440483]
 [ 0.01413505  0.03346092  0.02784559  0.00058918  0.16305809  0.07607287
   0.11420037  0.02793369  0.02740916  0.02439772  0.12512418  0.12186478
   0.0417741   0.05490735  0.14722696]
 [ 0.12042635  0.07126923  0.03700582  0.07951062  0.08443415  0.09374561
   0.15806737  0.02356067  0.08895915  0.0427878   0.05143079  0.06852456
   0.04130035  0.00976885  0.02920867]
 [ 0.05125049  0.04480179  0.00753301  0.00806374  0.08572963  0.06152829
   0.10312942  0.03391313  0.07856147  0.03161732  0.04267597  0.06570615
   0.01248367  0.19295657  0.18004935]
 [ 0.04146368  0.02232702  0.00315055  0.00782026  0.02660683  0.07500979
   0.00373514  0.0610514   0.05721048  0.21070624  0.00271565  0.02745355
   0.07936498  0.0051881   0.3761963 ]
 [ 0.09703122  0.03278193  0.21230995  0.00892424  0.02593727  0.06176865
   0.09315334  0.02423299  0.02203532  0.02666723  0.0764181   0.04615476
   0.02466297  0.14457684  0.10334519]
 [ 0.25358547  0.13808394  0.13431117  0.08501764  0.04239498  0.07612077
   0.04311403  0.01537731  0.03204381  0.02801263  0.02615812  0.01513023
   0.02253623  0.0411566   0.04695706]]
[[1 4 4 1 5 3 4 0 0 0 4 6 3 4 0]
 [0 0 3 4 4 5 6 6 5 1 6 4 6 2 2]
 [4 5 1 3 6 4 5 2 1 5 3 5 5 0 6]
 [3 1 2 5 2 1 3 5 6 6 2 0 0 6 5]
 [5 3 0 0 3 6 1 1 4 3 5 3 2 1 1]
 [2 2 6 2 0 0 2 3 3 2 1 2 1 5 3]
 [6 6 5 6 1 2 0 4 2 4 0 1 4 3 4]]
userRanks
[[2, 1, 3, 4, 5, 6, 7], [5, 4, 1, 2, 6, 3, 7], [4, 2, 6, 5, 3, 1, 7], [7, 1, 6, 4, 5, 2, 3], [2, 1, 6, 5, 3, 7, 4], [2, 1, 3, 4, 5, 7, 6], [2, 4, 6, 5, 7, 3, 1], [3, 4, 1, 2, 6, 7, 5], [1, 2, 6, 3, 4, 5, 7], [6, 1, 4, 5, 3, 2, 7]]
aiRanks
[5 3 1 7 2 6 4]
score
2.2
prob
[[ 0.02749279  0.04305895  0.00161394  0.00709127  0.03752117  0.05969111
   0.02478326  0.26270988  0.15259218  0.13809035  0.00720017  0.09245364
   0.01347199  0.00212618  0.13010311]
 [ 0.03555423  0.06623406  0.04320122  0.00969088  0.05213749  0.26096468
   0.12006341  0.02081919  0.04402048  0.02040984  0.08562637  0.07582058
   0.01746755  0.01403069  0.13395933]
 [ 0.00616577  0.02973896  0.00440625  0.00058029  0.03615905  0.02031819
   0.06687072  0.0881304   0.13339575  0.02980252  0.01514762  0.41582123
   0.01970898  0.05775483  0.07599943]
 [ 0.04048093  0.02951706  0.02034694  0.00786934  0.02464802  0.05601898
   0.01529941  0.06673144  0.0885351   0.04456777  0.04061925  0.05021917
   0.00393579  0.04016146  0.47104936]
 [ 0.27186227  0.01581706  0.08581891  0.09990348  0.07274119  0.05330171
   0.08995252  0.00943241  0.06768457  0.02676461  0.05520181  0.02690101
   0.02399942  0.060108    0.04051103]
 [ 0.01487312  0.06899715  0.02177944  0.00148776  0.25400719  0.05210522
   0.2614349   0.00469827  0.02429571  0.02715297  0.00542685  0.06457745
   0.11155151  0.01227023  0.07534222]
 [ 0.04482707  0.01985269  0.03147408  0.01513411  0.10713227  0.07704353
   0.40701558  0.01446508  0.04161303  0.01482404  0.05917052  0.06836857
   0.01100761  0.0780024   0.01006942]]
[[2 4 0 2 3 2 3 5 5 6 5 4 3 0 6]
 [5 6 2 5 2 5 0 4 6 1 0 3 6 5 4]
 [0 3 3 0 0 4 2 6 1 4 2 5 0 1 5]
 [1 2 5 3 1 3 4 1 4 5 3 6 1 3 2]
 [3 0 6 1 4 0 1 3 3 2 4 1 2 2 0]
 [6 1 1 6 6 6 5 2 2 3 6 0 4 4 1]
 [4 5 4 4 5 1 6 0 0 0 1 2 5 6 3]]
userRanks
[[2, 1, 3, 4, 5, 6, 7], [5, 4, 1, 2, 6, 3, 7], [4, 2, 6, 5, 3, 1, 7], [7, 1, 6, 4, 5, 2, 3], [2, 1, 6, 5, 3, 7, 4], [2, 1, 3, 4, 5, 7, 6], [2, 4, 6, 5, 7, 3, 1], [3, 4, 1, 2, 6, 7, 5], [1, 2, 6, 3, 4, 5, 7], [6, 1, 4, 5, 3, 2, 7]]
aiRanks
[3 6 5 4 1 7 2]
score
2.3
prob
[[ 0.06902043  0.2323445   0.03190225  0.07561102  0.071503    0.04683443
   0.20491197  0.01557797  0.05359229  0.02667553  0.02646628  0.08537916
   0.04777784  0.00389198  0.00851136]
 [ 0.0992287   0.02024102  0.01314314  0.00506798  0.02213661  0.16090188
   0.09406792  0.04954945  0.12203607  0.02946328  0.07884097  0.07556698
   0.00944185  0.01886382  0.20145034]
 [ 0.05817734  0.02638489  0.00394476  0.01191495  0.03890792  0.09778479
   0.00933017  0.31640826  0.10080094  0.07528175  0.07663598  0.03164927
   0.00445587  0.04048177  0.10784135]
 [ 0.0028249   0.03576703  0.00704069  0.00119686  0.11331393  0.04301384
   0.08760702  0.02846512  0.08534356  0.03688827  0.0368101   0.27372056
   0.07242729  0.06693471  0.10864613]
 [ 0.04644154  0.02689232  0.05949547  0.02417002  0.16757927  0.04082242
   0.11241726  0.02263878  0.05850515  0.03788744  0.09605832  0.0757198
   0.08125367  0.05475524  0.0953633 ]
 [ 0.16724212  0.04329913  0.00412348  0.05577893  0.069275    0.15879382
   0.03586587  0.11741123  0.07759308  0.06788741  0.08308278  0.05876581
   0.01205974  0.00540581  0.04341579]
 [ 0.09024265  0.03602427  0.07675641  0.01159578  0.02002511  0.10645274
   0.18502149  0.01006526  0.05107723  0.02442171  0.10556235  0.07820007
   0.02470127  0.02441985  0.15543383]]
[[3 1 2 3 6 4 2 6 6 6 0 2 2 0 0]
 [4 2 5 1 1 3 5 0 0 0 3 5 1 5 5]
 [2 4 3 6 2 0 3 4 4 1 2 1 5 1 4]
 [0 3 1 2 5 2 1 3 5 3 1 4 6 6 2]
 [6 6 0 4 0 6 4 1 3 4 5 6 0 2 3]
 [1 5 4 5 3 5 6 5 2 5 4 0 3 4 6]
 [5 0 6 0 4 1 0 2 1 2 6 3 4 3 1]]
userRanks
[[2, 1, 3, 4, 5, 6, 7], [5, 4, 1, 2, 6, 3, 7], [4, 2, 6, 5, 3, 1, 7], [7, 1, 6, 4, 5, 2, 3], [2, 1, 6, 5, 3, 7, 4], [2, 1, 3, 4, 5, 7, 6], [2, 4, 6, 5, 7, 3, 1], [3, 4, 1, 2, 6, 7, 5], [1, 2, 6, 3, 4, 5, 7], [6, 1, 4, 5, 3, 2, 7]]
aiRanks
[7 1 5 4 2 6 3]
score
3.3
prob
[[ 0.19861703  0.08620448  0.03804668  0.04449388  0.03407432  0.08521003
   0.10760883  0.01169334  0.02118177  0.04724809  0.01028508  0.05339907
   0.08288276  0.01000887  0.16904579]
 [ 0.04331325  0.0059416   0.00399071  0.05843837  0.00615908  0.06115297
   0.00174084  0.42852612  0.10637868  0.08636931  0.07643306  0.03175115
   0.00435307  0.02030604  0.06514575]
 [ 0.13552731  0.01347253  0.06191433  0.03834655  0.04133166  0.06976579
   0.01439825  0.00645846  0.01646857  0.08185464  0.01150287  0.00975269
   0.46208506  0.00329438  0.03382692]
 [ 0.27412016  0.05902435  0.08649891  0.05427814  0.02392221  0.10117108
   0.03372961  0.06625631  0.03162964  0.03874856  0.04376576  0.02700983
   0.01866965  0.01000397  0.13117181]
 [ 0.02699686  0.06998613  0.00135443  0.00618701  0.15010214  0.20713019
   0.05355731  0.03943721  0.08588573  0.07990738  0.00446823  0.03780407
   0.02617336  0.00638737  0.20462259]
 [ 0.08359997  0.08625355  0.07157121  0.11537136  0.02589484  0.2357198
   0.05393665  0.01584356  0.0243086   0.0192502   0.08697092  0.04844051
   0.04629734  0.01038282  0.07615869]
 [ 0.28820423  0.01247989  0.03710667  0.31258659  0.01129743  0.04154497
   0.01777418  0.02014344  0.01673541  0.05202714  0.12417746  0.00622958
   0.03631846  0.00263038  0.02074419]]
[[4 1 4 4 1 6 1 2 2 5 4 6 1 6 6]
 [1 6 1 2 6 1 2 0 6 3 0 2 3 2 2]
 [5 2 6 0 3 2 6 5 0 0 2 3 4 4 1]
 [2 3 0 3 5 0 3 6 5 6 3 1 6 3 5]
 [0 4 2 1 0 3 4 4 3 4 1 4 5 0 3]
 [3 0 5 5 2 4 5 3 4 2 5 5 0 5 0]
 [6 5 3 6 4 5 0 1 1 1 6 0 2 1 4]]
userRanks
[[2, 1, 3, 4, 5, 6, 7], [5, 4, 1, 2, 6, 3, 7], [4, 2, 6, 5, 3, 1, 7], [7, 1, 6, 4, 5, 2, 3], [2, 1, 6, 5, 3, 7, 4], [2, 1, 3, 4, 5, 7, 6], [2, 4, 6, 5, 7, 3, 1], [3, 4, 1, 2, 6, 7, 5], [1, 2, 6, 3, 4, 5, 7], [6, 1, 4, 5, 3, 2, 7]]
aiRanks
[7 3 2 6 4 1 5]
score
2.7
prob
[[ 0.01046202  0.02506212  0.01256438  0.00151855  0.03923991  0.01189104
   0.23987773  0.00643862  0.02018131  0.00645021  0.01410901  0.02180439
   0.00265823  0.58124971  0.00649278]
 [ 0.08899202  0.04669546  0.19381764  0.13272172  0.02415916  0.07710563
   0.03136924  0.01392328  0.02930691  0.03002572  0.13761738  0.01588354
   0.0236172   0.02129425  0.13347084]
 [ 0.07738306  0.03795397  0.0044123   0.04319539  0.05368013  0.27935868
   0.01936641  0.06056372  0.09988613  0.07062781  0.02225495  0.05637491
   0.0340118   0.06484789  0.07608286]
 [ 0.06758343  0.04758103  0.00928031  0.00113964  0.12051997  0.02732263
   0.20869284  0.05828594  0.11296354  0.02281182  0.03292068  0.19116468
   0.02288062  0.0259999   0.05085295]
 [ 0.10674218  0.14595007  0.0176898   0.0112729   0.03836897  0.07010029
   0.01575104  0.0250281   0.05145514  0.10072305  0.00591133  0.06621699
   0.10394531  0.00817211  0.23267273]
 [ 0.17542099  0.02537895  0.02880282  0.00485155  0.03703982  0.10703437
   0.03564054  0.0413108   0.0730781   0.03477508  0.03784962  0.08843008
   0.04223254  0.04419977  0.22395497]
 [ 0.03423534  0.04690713  0.05184536  0.00264876  0.21093981  0.04953342
   0.20101742  0.05468402  0.04469162  0.03277254  0.04905464  0.08076924
   0.02465975  0.02528133  0.09095962]]
[[0 0 2 3 1 0 4 0 0 0 4 1 0 4 0]
 [6 5 3 0 5 3 2 1 1 3 0 0 3 1 3]
 [3 2 0 6 4 6 1 4 6 1 2 2 1 6 2]
 [2 1 4 5 0 4 5 5 4 6 3 4 6 3 6]
 [1 6 5 4 2 1 6 6 5 5 5 6 2 5 1]
 [4 3 6 2 3 5 3 3 2 2 6 5 5 2 5]
 [5 4 1 1 6 2 0 2 3 4 1 3 4 0 4]]
userRanks
[[2, 1, 3, 4, 5, 6, 7], [5, 4, 1, 2, 6, 3, 7], [4, 2, 6, 5, 3, 1, 7], [7, 1, 6, 4, 5, 2, 3], [2, 1, 6, 5, 3, 7, 4], [2, 1, 3, 4, 5, 7, 6], [2, 4, 6, 5, 7, 3, 1], [3, 4, 1, 2, 6, 7, 5], [1, 2, 6, 3, 4, 5, 7], [6, 1, 4, 5, 3, 2, 7]]
aiRanks
[4 1 7 6 5 3 2]
score
2.3
prob
[[ 0.11928827  0.03425862  0.06688135  0.2098404   0.02240135  0.11296437
   0.02701174  0.06809501  0.03510176  0.06192995  0.0696591   0.02533114
   0.01104962  0.0085696   0.12761772]
 [ 0.05672021  0.03523302  0.01000058  0.04154728  0.01069482  0.06592382
   0.02328421  0.15688145  0.05157888  0.03215492  0.24065081  0.04634332
   0.00204657  0.06767817  0.15926196]
 [ 0.35401238  0.04072272  0.01248348  0.08643746  0.01390634  0.08571992
   0.05449711  0.02447892  0.04024042  0.06689702  0.01043051  0.02892463
   0.02554686  0.00660008  0.14910216]
 [ 0.069949    0.02373221  0.00527669  0.00326528  0.06218389  0.05879338
   0.10103218  0.06249428  0.13711673  0.05964321  0.02590658  0.08589805
   0.00975325  0.01880216  0.27615311]
 [ 0.05755553  0.02332053  0.00164883  0.02725154  0.0472573   0.16233535
   0.01915402  0.08891989  0.1195771   0.24599644  0.019102    0.04929576
   0.05018212  0.00236091  0.08604267]
 [ 0.19958878  0.04844177  0.01607532  0.00906242  0.07702978  0.0962501
   0.08220892  0.05698346  0.18182516  0.02826763  0.03631344  0.03381009
   0.00227605  0.04764057  0.0842265 ]
 [ 0.1599078   0.03286436  0.13220942  0.11023394  0.03694748  0.0836624
   0.04766826  0.02528661  0.03864809  0.07976028  0.02984672  0.04668595
   0.09773995  0.00730651  0.07123221]]
[[1 4 4 3 1 3 4 2 0 5 2 0 1 4 6]
 [4 3 3 5 2 1 1 6 6 1 4 2 5 2 5]
 [3 6 1 4 0 6 0 5 2 3 3 5 3 6 4]
 [0 0 2 1 6 2 6 3 1 0 6 1 0 0 0]
 [6 1 5 2 4 5 2 0 4 2 5 6 2 3 2]
 [5 2 0 6 3 0 5 4 3 6 0 4 4 5 1]
 [2 5 6 0 5 4 3 1 5 4 1 3 6 1 3]]
userRanks
[[2, 1, 3, 4, 5, 6, 7], [5, 4, 1, 2, 6, 3, 7], [4, 2, 6, 5, 3, 1, 7], [7, 1, 6, 4, 5, 2, 3], [2, 1, 6, 5, 3, 7, 4], [2, 1, 3, 4, 5, 7, 6], [2, 4, 6, 5, 7, 3, 1], [3, 4, 1, 2, 6, 7, 5], [1, 2, 6, 3, 4, 5, 7], [6, 1, 4, 5, 3, 2, 7]]
aiRanks
[6 2 4 1 3 7 5]
score
1.3
25.5
[3.1000000000000005, 2.5, 2.5999999999999996, 3.2, 2.1999999999999997, 2.3, 3.3000000000000007, 2.7, 2.3, 1.3]
