testData
[[2, 62, 85, 104, 268, 55, 306, 68], [6, 64, 130, 37, 278, 16, 289, 38], [8, 3, 78, 164, 84, 36, 302, 77], [4, 83, 243, 138, 8, 249, 254, 307], [13, 1, 23, 281, 95, 125, 179, 66], [5, 247, 193, 211, 24, 17, 129, 315], [7, 135, 312, 288, 56, 58, 267, 71], [14, 236, 44, 153, 20, 218, 158, 6], [3, 111, 63, 48, 7, 287, 127, 4], [9, 86, 204, 314, 186, 295, 32, 76]]
userRanks
[[2, 1, 3, 4, 5, 6, 7], [5, 4, 1, 2, 6, 3, 7], [4, 2, 6, 5, 3, 1, 7], [7, 1, 6, 4, 5, 2, 3], [2, 1, 6, 5, 3, 7, 4], [2, 1, 3, 4, 5, 7, 6], [2, 4, 6, 5, 7, 3, 1], [3, 4, 1, 2, 6, 7, 5], [1, 2, 6, 3, 4, 5, 7], [6, 1, 4, 5, 3, 2, 7]]
prob
[[  7.16880383e-02   7.95078266e-02   6.28319328e-03   5.94987644e-03
    6.59284476e-02   9.47044413e-02   3.10660638e-02   4.60069758e-02
    5.50697083e-02   1.47534916e-01   3.66386382e-02   1.03401562e-01
    4.88625163e-02   1.60913051e-02   1.91266491e-01]
 [  7.66502097e-02   6.89637027e-02   3.41911648e-02   2.64840723e-02
    1.03401877e-01   1.18372613e-01   1.55262251e-01   1.30728707e-02
    7.38761577e-02   4.36567460e-02   1.61238470e-01   3.42100235e-02
    3.11366921e-02   3.69600306e-02   2.25231184e-02]
 [  1.29150697e-01   9.32010484e-02   8.29463487e-03   6.80320071e-03
    8.14682133e-02   7.30353030e-02   2.51602237e-02   1.73037415e-01
    1.38687792e-01   4.44574628e-02   5.81035214e-02   3.71659495e-02
    9.62528276e-03   4.30408111e-02   7.87684439e-02]
 [  2.74781988e-01   9.73005984e-02   3.03377308e-02   5.99472539e-02
    8.00016895e-02   7.17045763e-02   7.45087122e-02   2.15318501e-02
    5.64062653e-02   4.85033448e-02   4.29908534e-02   5.08129092e-02
    2.93123940e-02   2.28290041e-02   3.90308303e-02]
 [  9.24357525e-03   6.49344116e-02   1.03466024e-03   1.69870941e-03
    3.70264092e-01   3.66943127e-02   1.51115425e-01   1.61382643e-02
    1.60084817e-02   7.26752344e-02   1.14740898e-01   3.67378060e-02
    9.08794463e-02   1.06874526e-02   7.14723020e-03]
 [  1.13570632e-02   4.79803475e-02   9.69385387e-03   2.07287341e-03
    1.66621246e-01   7.01077860e-02   1.76151197e-01   1.51475935e-02
    5.97215117e-02   2.80337845e-02   4.87280995e-02   9.93776001e-02
    9.39542320e-02   1.07425627e-01   6.36271852e-02]
 [  1.81667108e-03   1.95931284e-02   4.99026440e-02   2.98894037e-04
    9.87315321e-02   1.15781651e-02   3.85804976e-01   1.15073292e-02
    1.08692022e-02   1.96339141e-03   2.79261516e-01   2.63766069e-02
    7.58676545e-02   1.64133050e-02   1.00149841e-02]]
[[6 6 4 6 0 6 2 6 6 6 0 6 2 4 4]
 [4 5 0 4 3 4 0 1 4 5 3 1 3 0 6]
 [5 4 2 5 2 5 3 5 0 1 5 4 1 6 1]
 [0 1 5 0 6 3 4 4 3 2 2 2 0 3 3]
 [1 0 3 2 1 2 1 3 5 3 4 3 6 1 5]
 [2 2 1 1 5 0 5 0 1 4 1 5 4 2 2]
 [3 3 6 3 4 1 6 2 2 0 6 0 5 5 0]]
userRanks
[[2, 1, 3, 4, 5, 6, 7], [5, 4, 1, 2, 6, 3, 7], [4, 2, 6, 5, 3, 1, 7], [7, 1, 6, 4, 5, 2, 3], [2, 1, 6, 5, 3, 7, 4], [2, 1, 3, 4, 5, 7, 6], [2, 4, 6, 5, 7, 3, 1], [3, 4, 1, 2, 6, 7, 5], [1, 2, 6, 3, 4, 5, 7], [6, 1, 4, 5, 3, 2, 7]]
aiRanks
[5 1 3 6 4 2 7]
score
1.6
prob
[[ 0.06521354  0.08296858  0.04025798  0.07153172  0.02827726  0.15286448
   0.02965425  0.03922321  0.03328665  0.05744358  0.04638015  0.04134855
   0.03560792  0.03854911  0.23739302]
 [ 0.05425405  0.09144759  0.01732822  0.00992478  0.1247782   0.1170172
   0.06023789  0.06611675  0.09363832  0.1068808   0.0645716   0.06333133
   0.03150648  0.03710226  0.06186452]
 [ 0.01698929  0.02068917  0.01818547  0.02863793  0.1225113   0.01983266
   0.05252546  0.15073368  0.04246276  0.02857269  0.19415203  0.07944691
   0.01534137  0.07288589  0.13703338]
 [ 0.01778881  0.02171463  0.03391254  0.00108784  0.23142456  0.02810844
   0.13446504  0.08833939  0.0206195   0.03109667  0.1687625   0.0988069
   0.06037471  0.02088022  0.04261825]
 [ 0.02114116  0.05340755  0.01633167  0.00061265  0.32278308  0.0292005
   0.13953717  0.03756527  0.02709429  0.01369066  0.16978817  0.0357048
   0.05984572  0.02942985  0.04386747]
 [ 0.03961756  0.09531138  0.07358779  0.01695965  0.11514054  0.03033765
   0.14058591  0.04903787  0.02663122  0.02749527  0.09875033  0.07305488
   0.03852361  0.03490098  0.14006537]
 [ 0.07611766  0.05033584  0.05677103  0.05422385  0.12514724  0.098788
   0.06378869  0.06647849  0.06726601  0.08255039  0.11598209  0.05288379
   0.02142224  0.03403026  0.03421442]]
[[2 2 4 4 0 2 0 4 3 4 0 4 2 3 6]
 [3 3 1 3 5 3 2 0 5 5 1 0 6 4 3]
 [4 6 2 1 2 4 1 5 4 2 5 6 1 6 4]
 [5 4 3 5 1 5 6 1 0 3 6 1 0 5 1]
 [1 0 0 2 6 6 3 6 2 0 3 5 5 1 2]
 [0 1 6 6 3 1 4 3 6 6 4 2 4 0 5]
 [6 5 5 0 4 0 5 2 1 1 2 3 3 2 0]]
userRanks
[[2, 1, 3, 4, 5, 6, 7], [5, 4, 1, 2, 6, 3, 7], [4, 2, 6, 5, 3, 1, 7], [7, 1, 6, 4, 5, 2, 3], [2, 1, 6, 5, 3, 7, 4], [2, 1, 3, 4, 5, 7, 6], [2, 4, 6, 5, 7, 3, 1], [3, 4, 1, 2, 6, 7, 5], [1, 2, 6, 3, 4, 5, 7], [6, 1, 4, 5, 3, 2, 7]]
aiRanks
[1 3 2 7 4 5 6]
score
2.5
prob
[[ 0.0572123   0.03370471  0.10228413  0.00488748  0.11083159  0.0409968
   0.40778719  0.00943979  0.03223509  0.00517153  0.11327498  0.02447591
   0.0221532   0.01541098  0.02013431]
 [ 0.04412459  0.17078532  0.04172478  0.07188138  0.07635729  0.06296032
   0.01530349  0.09654447  0.04752114  0.07182252  0.04055767  0.04665252
   0.01326568  0.07606791  0.12443092]
 [ 0.05405913  0.02483623  0.066879    0.23878369  0.04489931  0.04144692
   0.01929674  0.07590318  0.07283849  0.06878181  0.06710764  0.03489932
   0.0127213   0.04710047  0.13044677]
 [ 0.03686228  0.03757537  0.00462395  0.00455103  0.10383488  0.02857571
   0.09751591  0.1660813   0.07361481  0.03915488  0.09598997  0.14387928
   0.0071387   0.03594164  0.12466028]
 [ 0.04053329  0.04148278  0.01703932  0.04037375  0.04648797  0.06251389
   0.00393795  0.11735936  0.07597346  0.05653582  0.03819507  0.03664725
   0.00351517  0.12574851  0.29365643]
 [ 0.33294358  0.12780583  0.00543731  0.11142871  0.02227492  0.07960044
   0.04191694  0.0079078   0.0600511   0.06191202  0.00697056  0.0328823
   0.00652072  0.06626293  0.03608484]
 [ 0.04869029  0.04900391  0.01785839  0.01815782  0.11792438  0.02303674
   0.2738982   0.09424655  0.02114818  0.02469773  0.11809034  0.05325212
   0.04213759  0.03991915  0.0579386 ]]
[[3 2 3 3 5 6 4 5 6 0 5 0 4 0 0]
 [4 0 5 0 2 3 1 0 0 6 4 5 5 3 5]
 [1 3 4 6 4 0 2 2 1 3 1 2 3 6 6]
 [6 4 6 4 1 2 5 6 5 4 2 4 2 2 1]
 [2 6 1 1 3 4 3 1 2 5 3 1 1 5 3]
 [0 5 2 5 0 1 6 4 3 2 0 6 0 1 2]
 [5 1 0 2 6 5 0 3 4 1 6 3 6 4 4]]
userRanks
[[2, 1, 3, 4, 5, 6, 7], [5, 4, 1, 2, 6, 3, 7], [4, 2, 6, 5, 3, 1, 7], [7, 1, 6, 4, 5, 2, 3], [2, 1, 6, 5, 3, 7, 4], [2, 1, 3, 4, 5, 7, 6], [2, 4, 6, 5, 7, 3, 1], [3, 4, 1, 2, 6, 7, 5], [1, 2, 6, 3, 4, 5, 7], [6, 1, 4, 5, 3, 2, 7]]
aiRanks
[7 1 2 6 3 4 5]
score
2.1
prob
[[  1.29673487e-01   1.25107830e-02   2.98036979e-02   1.31213280e-01
    2.76343272e-02   2.88870217e-02   2.73201553e-03   1.67345332e-01
    7.47599669e-02   1.11701461e-01   2.89190333e-02   8.68770158e-02
    1.23553633e-02   6.23532276e-02   9.32339874e-02]
 [  5.62812513e-03   3.33155137e-02   1.43079868e-01   3.20517264e-04
    9.10635244e-02   9.84247051e-03   5.12118665e-01   3.40075130e-03
    5.92232295e-03   1.74784434e-03   4.55624924e-02   9.30548434e-03
    1.18366704e-01   8.34007464e-03   1.19856427e-02]
 [  4.08530834e-02   9.06600363e-02   2.45722249e-03   1.05443714e-02
    9.44546216e-02   3.20796149e-02   1.13786612e-02   2.40837609e-01
    6.49841708e-02   1.03571506e-01   8.64565403e-02   1.09478215e-01
    1.95980483e-02   2.70360749e-02   6.56102252e-02]
 [  1.48722464e-02   4.11903637e-02   1.68816473e-01   7.57561028e-03
    1.25119861e-01   2.78388331e-02   1.17583850e-01   4.48705667e-02
    2.49930870e-02   1.07255446e-02   1.76985479e-01   3.62583048e-02
    1.60831965e-01   2.54754606e-02   1.68623555e-02]
 [  5.47191425e-03   1.05790913e-02   2.13996245e-01   1.56790454e-03
    6.52696542e-02   1.14269934e-02   4.54890440e-01   8.21587322e-03
    1.69755918e-02   2.12022261e-03   9.08443305e-02   5.34011317e-02
    2.36365671e-02   3.45339571e-02   7.07008333e-03]
 [  5.86434117e-02   2.52539589e-01   5.45306985e-03   1.88081259e-01
    3.32065433e-02   1.36807347e-01   1.08585931e-02   1.76829442e-02
    6.22976107e-02   8.92317842e-02   1.05258072e-02   3.89542793e-02
    5.07251977e-03   4.07023978e-02   4.99428440e-02]
 [  5.77718212e-01   7.60701764e-02   1.18753976e-02   5.35624153e-02
    2.74700451e-02   5.54978358e-02   1.12017499e-02   1.80094546e-02
    2.33214531e-02   4.34220129e-02   1.22110362e-02   1.83873838e-02
    1.10577482e-02   1.70656264e-02   4.31294522e-02]]
[[4 4 2 1 6 1 0 1 1 1 5 1 5 1 4]
 [1 0 5 4 0 4 5 4 4 4 6 6 6 6 1]
 [3 1 6 3 5 3 6 5 6 3 0 3 0 3 3]
 [2 3 0 2 4 0 2 6 3 6 1 5 2 2 6]
 [5 6 1 6 1 2 3 3 5 5 2 4 4 4 5]
 [0 2 3 0 2 6 4 0 2 2 4 0 1 5 2]
 [6 5 4 5 3 5 1 2 0 0 3 2 3 0 0]]
userRanks
[[2, 1, 3, 4, 5, 6, 7], [5, 4, 1, 2, 6, 3, 7], [4, 2, 6, 5, 3, 1, 7], [7, 1, 6, 4, 5, 2, 3], [2, 1, 6, 5, 3, 7, 4], [2, 1, 3, 4, 5, 7, 6], [2, 4, 6, 5, 7, 3, 1], [3, 4, 1, 2, 6, 7, 5], [1, 2, 6, 3, 4, 5, 7], [6, 1, 4, 5, 3, 2, 7]]
aiRanks
[7 1 6 5 2 3 4]
score
0.6
prob
[[  1.31949788e-02   2.63688925e-02   1.12764260e-01   9.94198217e-03
    1.76622551e-01   5.49423146e-02   1.47820668e-01   1.62518376e-02
    2.60280073e-02   1.27458292e-02   2.87968956e-01   3.36676418e-02
    6.00719689e-02   1.22898712e-02   9.32024103e-03]
 [  1.35617857e-02   3.50229515e-02   1.32964243e-02   2.78166442e-04
    2.20060855e-01   7.56326027e-02   8.11125138e-02   4.79576648e-02
    1.94252306e-02   4.19978925e-02   1.55355629e-01   4.75508164e-02
    1.09375965e-01   3.18478490e-02   1.07523653e-01]
 [  5.82671116e-02   8.72993672e-02   6.20331816e-02   2.84237352e-02
    1.39591454e-01   6.28363646e-02   1.10410355e-01   4.73381811e-02
    9.57757691e-02   6.80216607e-02   6.16425144e-02   9.44664254e-02
    3.00772860e-02   2.42874759e-02   2.95291181e-02]
 [  7.17129130e-02   1.37941500e-01   2.85435939e-03   5.36281981e-03
    9.37632963e-02   4.48652644e-02   8.11706117e-02   7.80350733e-02
    6.83755584e-02   5.21029955e-02   4.99626532e-02   6.43149140e-02
    1.45997216e-02   6.49953834e-02   1.69942936e-01]
 [  8.13704508e-02   3.39645386e-02   6.53980759e-04   8.56812310e-03
    3.20030659e-02   5.42169764e-02   1.91463459e-03   5.72458708e-02
    4.09556819e-02   2.53811743e-01   2.24832921e-03   3.54554202e-02
    2.45968879e-02   3.34757314e-02   3.39518565e-01]
 [  3.23937954e-02   2.44753447e-02   2.54704090e-01   1.26849667e-02
    5.40730642e-02   8.17749407e-02   7.89866059e-02   4.32158281e-02
    1.56768895e-02   2.07083064e-02   8.11890719e-02   4.58865605e-02
    5.92442983e-02   7.23475202e-02   1.22638717e-01]
 [  1.24690314e-01   1.14541623e-01   6.67443508e-02   1.76160869e-01
    5.25651385e-02   1.54049607e-01   3.18643745e-02   2.43042534e-02
    2.50080638e-02   4.83217812e-02   2.55348564e-02   2.08924314e-02
    1.87924204e-02   4.22609412e-02   7.42689749e-02]]
[[0 5 4 1 4 3 4 0 5 0 4 6 3 0 0]
 [1 0 3 3 6 4 6 6 1 5 6 0 6 2 2]
 [5 4 1 4 5 0 5 5 6 1 3 4 4 1 6]
 [2 1 2 0 3 2 1 2 0 6 2 5 2 4 1]
 [3 2 6 5 2 1 3 1 4 3 5 1 5 6 5]
 [4 6 0 2 0 5 2 4 3 2 1 3 0 3 3]
 [6 3 5 6 1 6 0 3 2 4 0 2 1 5 4]]
userRanks
[[2, 1, 3, 4, 5, 6, 7], [5, 4, 1, 2, 6, 3, 7], [4, 2, 6, 5, 3, 1, 7], [7, 1, 6, 4, 5, 2, 3], [2, 1, 6, 5, 3, 7, 4], [2, 1, 3, 4, 5, 7, 6], [2, 4, 6, 5, 7, 3, 1], [3, 4, 1, 2, 6, 7, 5], [1, 2, 6, 3, 4, 5, 7], [6, 1, 4, 5, 3, 2, 7]]
aiRanks
[1 3 2 5 7 4 6]
score
2.0
prob
[[  6.30749915e-02   3.55211683e-02   5.26822296e-04   9.05458829e-03
    2.33682586e-02   5.37273751e-02   1.41743864e-02   8.69948451e-02
    1.14916099e-01   1.31772573e-01   7.68825831e-03   8.78061682e-02
    6.46864611e-03   7.66762209e-02   2.88229600e-01]
 [  2.70004641e-02   6.84699404e-02   2.52688706e-02   1.71508016e-03
    1.28719413e-01   1.45564114e-01   1.10291314e-01   3.19974514e-02
    6.30098667e-02   4.07423032e-02   1.73264013e-01   3.13659544e-02
    4.44748657e-02   1.37338787e-02   9.43824710e-02]
 [  9.23907487e-03   3.59656552e-02   2.62250413e-02   5.75507503e-04
    9.91843211e-02   4.08577795e-02   1.19127191e-01   1.12364197e-01
    6.87900092e-02   2.28828714e-02   4.26073507e-02   1.11289801e-01
    3.06122115e-02   5.17875934e-02   2.28491396e-01]
 [  4.44296939e-02   3.16534642e-02   1.58154395e-02   1.03261228e-02
    4.45871919e-02   5.07878226e-02   7.21051403e-03   5.06523674e-02
    1.01087285e-01   4.47209905e-02   2.06385178e-02   5.23632508e-02
    3.83784443e-03   9.56091434e-02   4.26280351e-01]
 [  1.65570889e-01   3.04998941e-02   6.22612222e-02   8.49029963e-02
    1.05560185e-01   5.24090745e-02   8.37678821e-02   1.83027304e-02
    9.28937027e-02   4.11592999e-02   7.80011773e-02   4.21901229e-02
    2.95345065e-02   5.65129361e-02   5.64333812e-02]
 [  8.50008346e-03   4.48266906e-02   2.33102566e-02   9.25710681e-05
    3.38767927e-01   2.42066468e-02   2.18236663e-01   8.09261782e-03
    9.11230622e-03   1.46222816e-02   3.51636572e-02   1.00010934e-02
    2.35911965e-01   3.58553091e-03   2.55697089e-02]
 [  1.95112466e-02   2.62594768e-02   1.07688233e-01   6.60400167e-03
    1.27275589e-01   4.11048355e-02   3.09655753e-01   1.60209230e-02
    6.12297664e-02   1.36393449e-02   7.98405027e-02   8.37710051e-02
    2.35132022e-02   6.97544714e-02   1.41316478e-02]]
[[5 6 0 5 0 5 3 5 5 6 0 5 3 5 6]
 [2 4 3 2 3 2 0 6 6 5 3 1 0 1 5]
 [6 3 5 1 2 6 4 4 1 2 5 4 6 2 4]
 [1 0 1 6 4 3 1 1 2 1 2 3 4 4 1]
 [3 2 2 0 6 4 2 3 4 4 4 6 2 6 2]
 [0 5 4 3 1 0 5 0 3 3 6 0 1 0 0]
 [4 1 6 4 5 1 6 2 0 0 1 2 5 3 3]]
userRanks
[[2, 1, 3, 4, 5, 6, 7], [5, 4, 1, 2, 6, 3, 7], [4, 2, 6, 5, 3, 1, 7], [7, 1, 6, 4, 5, 2, 3], [2, 1, 6, 5, 3, 7, 4], [2, 1, 3, 4, 5, 7, 6], [2, 4, 6, 5, 7, 3, 1], [3, 4, 1, 2, 6, 7, 5], [1, 2, 6, 3, 4, 5, 7], [6, 1, 4, 5, 3, 2, 7]]
aiRanks
[6 3 7 4 5 1 2]
score
3.0
prob
[[  4.41542700e-02   1.80529979e-01   3.83972134e-02   3.47696761e-02
    1.14243080e-01   5.50487881e-02   1.88599071e-01   1.65673255e-02
    6.02413031e-02   4.33949973e-02   7.09968922e-02   7.87741303e-02
    4.12632669e-02   1.30940593e-02   1.99259481e-02]
 [  6.20858199e-02   5.64955790e-02   7.26621216e-03   1.64208027e-03
    3.16069192e-02   9.79485577e-02   5.82663355e-02   8.38625097e-02
    1.18600034e-01   4.24537658e-02   6.20910032e-02   1.02206028e-01
    1.13069907e-02   3.62814462e-02   2.27886719e-01]
 [  4.77581750e-02   4.10378971e-02   7.70505664e-04   8.70217372e-03
    2.48580124e-02   3.15686685e-02   2.43642446e-03   3.16118856e-01
    1.11094018e-01   1.82194875e-01   1.30419963e-02   6.98262891e-02
    3.43570242e-03   7.81797536e-02   6.89766525e-02]
 [  4.71059938e-03   6.11075749e-02   1.57616390e-02   3.15050882e-04
    2.12807732e-01   3.54793667e-02   9.32189292e-02   8.45916449e-02
    4.71865844e-02   4.43059969e-02   8.12284375e-02   7.84756263e-02
    1.35710793e-01   2.90152987e-02   7.60847254e-02]
 [  2.44443604e-02   3.96794719e-02   3.08436282e-02   5.89883092e-03
    2.49863452e-01   1.71530088e-02   7.06023367e-02   4.43399076e-02
    6.84977010e-02   3.61389246e-02   1.10532381e-01   7.02634940e-02
    1.34599285e-01   4.11568910e-02   5.59863271e-02]
 [  9.54540284e-02   7.68258157e-02   1.06301635e-04   1.75394406e-02
    6.46834157e-02   5.52893643e-02   1.44989174e-02   1.60452027e-01
    7.89104597e-02   2.76439763e-01   3.51841298e-02   8.31735094e-02
    4.34649106e-03   1.26364662e-02   2.44598698e-02]
 [  3.21779759e-02   2.28478571e-02   2.25857537e-01   3.06593663e-03
    7.21070159e-02   6.63549388e-02   1.45110179e-01   2.78848787e-02
    3.54007084e-02   3.07514370e-02   1.30087753e-01   3.37463541e-02
    3.15369074e-02   1.37174717e-02   1.29353051e-01]]
[[3 6 5 3 2 4 2 0 6 6 2 6 2 5 0]
 [4 4 2 1 1 2 5 6 3 4 5 2 5 0 5]
 [6 2 1 6 5 3 1 4 0 1 1 4 1 6 4]
 [0 1 3 4 6 0 4 1 4 0 0 3 6 3 2]
 [2 3 4 2 0 5 3 3 5 3 3 0 0 1 3]
 [1 5 0 5 3 6 6 5 2 2 4 5 4 4 6]
 [5 0 6 0 4 1 0 2 1 5 6 1 3 2 1]]
userRanks
[[2, 1, 3, 4, 5, 6, 7], [5, 4, 1, 2, 6, 3, 7], [4, 2, 6, 5, 3, 1, 7], [7, 1, 6, 4, 5, 2, 3], [2, 1, 6, 5, 3, 7, 4], [2, 1, 3, 4, 5, 7, 6], [2, 4, 6, 5, 7, 3, 1], [3, 4, 1, 2, 6, 7, 5], [1, 2, 6, 3, 4, 5, 7], [6, 1, 4, 5, 3, 2, 7]]
aiRanks
[1 7 5 2 4 6 3]
score
2.1
prob
[[  1.17411893e-01   5.89831690e-02   4.05414860e-02   2.11109278e-02
    1.34055746e-01   6.77248952e-02   1.40800044e-01   2.44150991e-02
    1.99919413e-02   9.62665594e-02   3.35968056e-02   2.95372790e-02
    7.43016428e-02   8.13404153e-03   1.33128471e-01]
 [  3.24747378e-02   1.14666711e-02   3.42244990e-04   1.30245546e-01
    5.40451855e-03   3.77334698e-02   4.50292062e-04   1.72455636e-01
    1.39324002e-01   1.20337206e-01   5.81984366e-03   1.35458395e-01
    1.04170803e-03   1.28434433e-01   7.90112963e-02]
 [  1.36460995e-01   3.43469865e-02   7.72592838e-03   3.72181915e-02
    5.87369492e-02   1.17564315e-01   1.19239767e-02   1.40313071e-02
    2.06357995e-02   1.21946616e-01   2.11695024e-02   3.30291410e-02
    3.09873998e-01   1.66937113e-02   5.86425824e-02]
 [  1.35720912e-01   6.13241572e-02   4.30827019e-02   9.23298792e-02
    3.54790396e-02   9.66224502e-02   2.20774713e-02   9.67623425e-02
    4.30618066e-02   6.93635969e-02   3.04819928e-02   6.96662197e-02
    1.90344867e-02   5.21440053e-02   1.32848938e-01]
 [  1.18559104e-01   1.43215952e-01   4.98655294e-04   1.90404093e-03
    7.36184926e-02   9.32155388e-02   3.49533877e-02   3.75275308e-02
    8.06475352e-02   1.94255704e-01   1.05339053e-02   2.83887831e-02
    2.24489094e-02   2.83100701e-02   1.31922391e-01]
 [  6.74276560e-02   1.37085361e-01   2.24507766e-02   6.55540735e-02
    5.55230994e-02   1.42431361e-01   5.10084408e-02   3.15476477e-02
    6.11245246e-02   6.83516134e-02   1.04697824e-01   5.33997536e-02
    5.05662441e-02   1.58233003e-02   7.30083227e-02]
 [  1.28265785e-01   1.18584128e-02   1.96020248e-03   4.53711597e-01
    1.15815863e-02   3.27487820e-02   6.22584836e-03   2.91850025e-02
    2.18138598e-02   1.57182592e-01   2.90085586e-02   4.17506953e-02
    1.21635991e-02   3.30231111e-02   2.95203680e-02]]
[[1 1 1 4 1 6 1 2 0 5 1 4 1 0 6]
 [5 6 4 0 6 1 6 0 2 3 4 0 6 5 2]
 [0 2 6 2 3 0 2 6 6 0 2 2 3 2 5]
 [4 0 2 5 5 4 3 5 3 1 6 6 4 4 1]
 [6 3 5 3 2 3 4 4 5 2 3 5 5 6 4]
 [3 5 0 1 4 2 5 3 4 6 0 3 0 3 3]
 [2 4 3 6 0 5 0 1 1 4 5 1 2 1 0]]
userRanks
[[2, 1, 3, 4, 5, 6, 7], [5, 4, 1, 2, 6, 3, 7], [4, 2, 6, 5, 3, 1, 7], [7, 1, 6, 4, 5, 2, 3], [2, 1, 6, 5, 3, 7, 4], [2, 1, 3, 4, 5, 7, 6], [2, 4, 6, 5, 7, 3, 1], [3, 4, 1, 2, 6, 7, 5], [1, 2, 6, 3, 4, 5, 7], [6, 1, 4, 5, 3, 2, 7]]
aiRanks
[7 3 6 2 5 4 1]
score
2.7
prob
[[ 0.02312757  0.07769621  0.01609934  0.00327473  0.05106101  0.03446634
   0.25689819  0.00637438  0.03150058  0.00567296  0.04254322  0.0624647
   0.01208647  0.31934897  0.05738535]
 [ 0.05836384  0.02910392  0.17717725  0.13444379  0.05814067  0.06870104
   0.02058902  0.02822629  0.05014091  0.04675648  0.09666373  0.01951956
   0.03123279  0.04106945  0.13987125]
 [ 0.11333596  0.15332467  0.00039748  0.01655668  0.03112154  0.08581311
   0.00602378  0.02826943  0.14952622  0.16842028  0.00898347  0.11480108
   0.01193892  0.05210323  0.05938412]
 [ 0.04337955  0.03951357  0.0291009   0.00098471  0.11612134  0.04026698
   0.29357729  0.0474736   0.04396352  0.01866998  0.07793335  0.06072809
   0.0316757   0.0393088   0.11730262]
 [ 0.09961796  0.16675882  0.00556658  0.01462719  0.06061114  0.07795368
   0.01123009  0.05420945  0.02512335  0.19440531  0.00723941  0.04581511
   0.03039483  0.01393645  0.19251064]
 [ 0.08547678  0.05364945  0.03994836  0.00375037  0.08690428  0.08008089
   0.03251722  0.06908937  0.06268009  0.04389042  0.03448467  0.0895543
   0.03633813  0.042504    0.23913166]
 [ 0.01474125  0.03864878  0.04049314  0.00082642  0.22254162  0.04294865
   0.16456391  0.10375043  0.02141207  0.02023502  0.11489817  0.04463963
   0.09516871  0.03120471  0.04392749]]
[[6 1 2 6 2 0 2 0 6 0 4 1 2 4 6]
 [0 6 4 3 0 3 4 1 4 3 2 6 0 6 0]
 [3 3 0 0 1 6 1 2 0 6 5 4 4 3 2]
 [1 5 3 5 4 1 5 3 3 5 0 3 1 1 3]
 [5 0 5 4 5 4 6 4 1 1 3 0 3 5 1]
 [4 2 6 2 3 5 0 5 5 2 1 5 5 2 4]
 [2 4 1 1 6 2 3 6 2 4 6 2 6 0 5]]
userRanks
[[2, 1, 3, 4, 5, 6, 7], [5, 4, 1, 2, 6, 3, 7], [4, 2, 6, 5, 3, 1, 7], [7, 1, 6, 4, 5, 2, 3], [2, 1, 6, 5, 3, 7, 4], [2, 1, 3, 4, 5, 7, 6], [2, 4, 6, 5, 7, 3, 1], [3, 4, 1, 2, 6, 7, 5], [1, 2, 6, 3, 4, 5, 7], [6, 1, 4, 5, 3, 2, 7]]
aiRanks
[7 4 1 6 5 3 2]
score
3.8
prob
[[  9.72411308e-02   2.39439117e-02   3.59472909e-02   1.79292656e-01
    4.32946246e-02   6.41810953e-02   1.59312489e-02   3.84249788e-02
    1.12429555e-01   1.07188715e-01   5.19659929e-02   5.59537883e-02
    1.62460519e-02   5.27464041e-02   1.05212556e-01]
 [  3.94779523e-02   5.32653010e-02   2.16089531e-03   4.60811264e-02
    2.55393943e-02   3.92770712e-02   1.18883019e-02   2.71650006e-01
    7.49203283e-02   7.43361688e-02   6.40838700e-02   9.68237026e-02
    1.90634742e-03   6.56113251e-02   1.32978209e-01]
 [  2.43049660e-01   5.87262548e-02   9.29150905e-03   6.09666387e-02
    4.11807629e-02   6.33319545e-02   6.81570978e-02   6.73876260e-02
    3.69809995e-02   1.14740339e-01   2.29625445e-02   4.33673595e-02
    1.63939865e-02   1.34342072e-02   1.40029060e-01]
 [  6.56536966e-02   5.29824227e-02   2.37844623e-03   9.88527116e-04
    9.78097221e-02   3.91597346e-02   7.83648052e-02   2.10071485e-01
    6.80160852e-02   6.86326977e-02   4.27238588e-02   6.81731580e-02
    1.02587234e-02   2.38259793e-02   1.70960658e-01]
 [  7.40989713e-02   1.86347818e-02   8.51144755e-05   1.22585846e-02
    2.16246704e-02   5.48244384e-02   4.76922869e-03   3.43306268e-02
    6.79055470e-02   5.31995739e-01   5.66373381e-03   5.64099396e-02
    6.96169237e-03   3.82665644e-02   7.21703672e-02]
 [  1.17225410e-01   8.68094118e-02   1.55882624e-02   4.37087928e-03
    7.02415994e-02   4.20032109e-02   4.63210507e-02   8.72774573e-02
    2.09694932e-01   5.54988251e-02   2.92288419e-02   5.15658283e-02
    3.85849481e-03   9.13366919e-02   8.89791050e-02]
 [  9.14975297e-02   3.00687743e-02   2.26424520e-02   1.07958579e-01
    7.71516049e-02   1.42555224e-01   4.79425752e-02   3.13119569e-02
    3.78735814e-02   1.02810530e-01   5.53240973e-02   5.52708600e-02
    8.33168215e-02   2.61448819e-02   8.81305313e-02]]
[[1 4 4 3 4 3 4 6 2 5 4 2 1 2 4]
 [3 0 1 5 1 1 1 4 6 3 2 5 5 3 6]
 [4 6 3 4 2 5 0 0 4 1 5 6 4 6 5]
 [6 3 2 1 0 4 5 2 3 6 3 0 3 4 0]
 [0 1 5 2 5 2 6 5 1 0 0 4 0 0 1]
 [5 2 6 6 6 0 2 3 0 2 6 3 2 1 2]
 [2 5 0 0 3 6 3 1 5 4 1 1 6 5 3]]
userRanks
[[2, 1, 3, 4, 5, 6, 7], [5, 4, 1, 2, 6, 3, 7], [4, 2, 6, 5, 3, 1, 7], [7, 1, 6, 4, 5, 2, 3], [2, 1, 6, 5, 3, 7, 4], [2, 1, 3, 4, 5, 7, 6], [2, 4, 6, 5, 7, 3, 1], [3, 4, 1, 2, 6, 7, 5], [1, 2, 6, 3, 4, 5, 7], [6, 1, 4, 5, 3, 2, 7]]
aiRanks
[6 4 2 7 1 3 5]
score
1.5
21.9
[1.6, 2.5000000000000004, 2.1, 0.6, 2.0, 3.0, 2.1000000000000005, 2.6999999999999997, 3.8000000000000003, 1.5]
