testData
[[2, 62, 85, 104, 268, 55, 306, 68], [6, 64, 130, 37, 278, 16, 289, 38], [8, 3, 78, 164, 84, 36, 302, 77], [4, 83, 243, 138, 8, 249, 254, 307], [13, 1, 23, 281, 95, 125, 179, 66], [5, 247, 193, 211, 24, 17, 129, 315], [7, 135, 312, 288, 56, 58, 267, 71], [14, 236, 44, 153, 20, 218, 158, 6], [3, 111, 63, 48, 7, 287, 127, 4], [9, 86, 204, 314, 186, 295, 32, 76]]
userRanks
[[2, 1, 3, 4, 5, 6, 7], [5, 4, 1, 2, 6, 3, 7], [4, 2, 6, 5, 3, 1, 7], [7, 1, 6, 4, 5, 2, 3], [2, 1, 6, 5, 3, 7, 4], [2, 1, 3, 4, 5, 7, 6], [2, 4, 6, 5, 7, 3, 1], [3, 4, 1, 2, 6, 7, 5], [1, 2, 6, 3, 4, 5, 7], [6, 1, 4, 5, 3, 2, 7]]
prob
[[ 0.04569357  0.12899697  0.00668222  0.01411825  0.03635135  0.1056768
   0.06651963  0.01058094  0.07863799  0.00833584  0.0479512   0.21151874
   0.05212097  0.01246276  0.17435278]
 [ 0.09177496  0.03546548  0.06447538  0.01249576  0.09593543  0.15106975
   0.15667974  0.00171904  0.01362897  0.01496753  0.25590003  0.03535036
   0.02933367  0.03866861  0.00253528]
 [ 0.41023487  0.01967174  0.01941805  0.01538498  0.02602217  0.11342265
   0.06394184  0.00265011  0.05289954  0.02720064  0.06464927  0.05282831
   0.00267283  0.12640462  0.00259837]
 [ 0.29374202  0.04738626  0.03665645  0.04840504  0.03680544  0.12422315
   0.21832084  0.00166271  0.02426524  0.00771654  0.03836065  0.03273478
   0.02625782  0.04486558  0.01859748]
 [ 0.01224958  0.07296348  0.02583716  0.00209622  0.51801343  0.12825092
   0.05159287  0.00130323  0.00779909  0.01217042  0.07371739  0.02453546
   0.05988277  0.00825253  0.00133545]
 [ 0.00619666  0.01832022  0.0401229   0.00657175  0.4472252   0.04221932
   0.06090981  0.03382303  0.06774639  0.08343368  0.0819441   0.07458044
   0.01134178  0.00876165  0.01680308]
 [ 0.0099127   0.00530861  0.05075563  0.00102947  0.33535265  0.06892891
   0.12556121  0.00084531  0.01824407  0.00767222  0.2591519   0.10324483
   0.0027471   0.01064476  0.00060063]]
[[5 6 0 6 2 5 4 6 4 6 3 4 2 4 6]
 [6 5 2 4 0 6 5 4 1 3 0 3 6 5 4]
 [4 2 4 5 3 0 2 3 6 0 2 1 5 6 1]
 [0 1 3 1 1 2 0 1 3 4 4 2 3 0 2]
 [1 3 5 0 6 3 6 2 2 1 5 5 1 1 5]
 [3 4 6 2 5 4 1 0 5 2 1 6 0 3 3]
 [2 0 1 3 4 1 3 5 0 5 6 0 4 2 0]]
userRanks
[[2, 1, 3, 4, 5, 6, 7], [5, 4, 1, 2, 6, 3, 7], [4, 2, 6, 5, 3, 1, 7], [7, 1, 6, 4, 5, 2, 3], [2, 1, 6, 5, 3, 7, 4], [2, 1, 3, 4, 5, 7, 6], [2, 4, 6, 5, 7, 3, 1], [3, 4, 1, 2, 6, 7, 5], [1, 2, 6, 3, 4, 5, 7], [6, 1, 4, 5, 3, 2, 7]]
aiRanks
[1 3 5 4 6 7 2]
score
1.6
prob
[[ 0.07339214  0.14544427  0.03305177  0.03843392  0.01217766  0.12003556
   0.03703558  0.01447414  0.03318618  0.03017947  0.17740674  0.05653913
   0.07330639  0.0488956   0.10644144]
 [ 0.1597382   0.03716662  0.0179693   0.02847426  0.0536115   0.21237207
   0.12147532  0.00649094  0.07533514  0.01983823  0.09155206  0.06161994
   0.05577779  0.03487537  0.02370326]
 [ 0.12612527  0.03658671  0.01492503  0.01182515  0.05418278  0.04520366
   0.01812759  0.01448476  0.07529527  0.0193582   0.1419728   0.32889806
   0.00326228  0.04318073  0.06657172]
 [ 0.01575213  0.00351365  0.01572583  0.0006922   0.30316317  0.07460944
   0.0372042   0.00125543  0.02220785  0.01489699  0.12342706  0.3696928
   0.00408869  0.01077865  0.00299191]
 [ 0.04668096  0.03061146  0.10623056  0.001515    0.2284265   0.0785453
   0.04301336  0.00254005  0.06598278  0.00877961  0.13452379  0.18259557
   0.00582149  0.06140727  0.0033263 ]
 [ 0.0303509   0.05495863  0.04988897  0.00655709  0.0343791   0.02126914
   0.02147024  0.00398496  0.05178919  0.01512056  0.07247001  0.47417542
   0.0127773   0.09167263  0.05913588]
 [ 0.3063668   0.01999611  0.01416168  0.01292584  0.04318572  0.16213062
   0.0571584   0.0010662   0.01714662  0.00881669  0.11315769  0.15363761
   0.01849002  0.06742858  0.00433144]]
[[3 3 6 3 0 5 2 6 6 4 5 0 2 3 3]
 [5 6 2 4 5 2 5 3 3 6 1 1 3 1 4]
 [4 4 3 5 6 3 0 4 0 3 6 6 4 2 6]
 [0 2 1 2 1 4 3 5 5 5 3 4 5 0 1]
 [2 1 0 6 2 0 4 1 4 2 4 2 6 4 5]
 [1 5 5 1 4 6 6 0 2 1 2 3 1 6 2]
 [6 0 4 0 3 1 1 2 1 0 0 5 0 5 0]]
userRanks
[[2, 1, 3, 4, 5, 6, 7], [5, 4, 1, 2, 6, 3, 7], [4, 2, 6, 5, 3, 1, 7], [7, 1, 6, 4, 5, 2, 3], [2, 1, 6, 5, 3, 7, 4], [2, 1, 3, 4, 5, 7, 6], [2, 4, 6, 5, 7, 3, 1], [3, 4, 1, 2, 6, 7, 5], [1, 2, 6, 3, 4, 5, 7], [6, 1, 4, 5, 3, 2, 7]]
aiRanks
[3 6 1 4 5 7 2]
score
2.2
prob
[[ 0.06027044  0.00709385  0.03956417  0.01083346  0.11469292  0.07495375
   0.10800765  0.00132278  0.04323276  0.05716178  0.15936318  0.2720212
   0.0071583   0.04298169  0.00134207]
 [ 0.12747215  0.11574142  0.04358246  0.00795583  0.01516099  0.03196643
   0.01001493  0.00122945  0.01071532  0.00453365  0.03467629  0.12785013
   0.00588771  0.42612368  0.03708956]
 [ 0.25716976  0.04247034  0.03088401  0.07481911  0.01706845  0.04985015
   0.03124202  0.01033147  0.03445513  0.03172512  0.09209513  0.114467
   0.01141641  0.06662936  0.13537654]
 [ 0.09387266  0.02117951  0.00444337  0.01173498  0.05376963  0.07690111
   0.04452367  0.00638858  0.12453522  0.03201765  0.06340061  0.36718895
   0.0016187   0.0571353   0.04129007]
 [ 0.11539897  0.06640387  0.02458032  0.01622922  0.02928012  0.04254102
   0.00666179  0.01677321  0.03720157  0.0459092   0.14548659  0.13374532
   0.0022556   0.13334095  0.18419227]
 [ 0.18763288  0.09123408  0.04322761  0.07928094  0.01586933  0.0486562
   0.34437632  0.01845113  0.0181229   0.00966403  0.01189573  0.00604064
   0.00528118  0.07137113  0.04889589]
 [ 0.13484833  0.05122614  0.03736671  0.00942958  0.27154762  0.05230135
   0.16183185  0.03096289  0.0410587   0.01435784  0.08742308  0.05852085
   0.00938645  0.01030508  0.02943353]]
[[0 0 3 1 1 1 4 1 1 1 5 5 3 6 0]
 [3 3 4 6 5 4 1 0 5 5 1 6 4 0 6]
 [4 2 2 0 2 5 2 3 2 6 3 2 5 3 1]
 [1 6 6 3 4 2 3 2 4 2 6 1 1 2 3]
 [6 4 0 4 3 6 0 4 6 3 2 4 0 5 5]
 [5 5 5 2 0 0 6 5 0 4 4 0 6 4 2]
 [2 1 1 5 6 3 5 6 3 0 0 3 2 1 4]]
userRanks
[[2, 1, 3, 4, 5, 6, 7], [5, 4, 1, 2, 6, 3, 7], [4, 2, 6, 5, 3, 1, 7], [7, 1, 6, 4, 5, 2, 3], [2, 1, 6, 5, 3, 7, 4], [2, 1, 3, 4, 5, 7, 6], [2, 4, 6, 5, 7, 3, 1], [3, 4, 1, 2, 6, 7, 5], [1, 2, 6, 3, 4, 5, 7], [6, 1, 4, 5, 3, 2, 7]]
aiRanks
[2 6 3 5 7 1 4]
score
2.4
prob
[[ 0.44228782  0.01566543  0.01863893  0.04430304  0.0169647   0.05444482
   0.0320282   0.03713919  0.05955329  0.00570535  0.02997229  0.05695596
   0.00529627  0.02216945  0.15887525]
 [ 0.00578171  0.00538425  0.27370437  0.00159884  0.3094432   0.020093
   0.19215666  0.00099375  0.01598228  0.01843455  0.06262043  0.06948329
   0.00919676  0.01347163  0.00165528]
 [ 0.19533628  0.1274931   0.0150489   0.01373563  0.04370598  0.12762073
   0.02336128  0.00347623  0.06832816  0.00925339  0.06871253  0.15070421
   0.0245605   0.10236134  0.02630174]
 [ 0.05720583  0.01381158  0.1504504   0.00527313  0.27215263  0.08246756
   0.06992771  0.00240349  0.02342713  0.01139978  0.17210665  0.09930367
   0.0110093   0.02764575  0.00141537]
 [ 0.01403164  0.00139157  0.03065415  0.00728621  0.21700513  0.0520375
   0.16687298  0.00643479  0.06529545  0.03909667  0.11645554  0.24698543
   0.00155543  0.0328145   0.002083  ]
 [ 0.07032321  0.40465986  0.01872381  0.14834934  0.00796566  0.06075974
   0.023421    0.01548706  0.0177112   0.01295218  0.01187389  0.01567372
   0.01932951  0.07255081  0.10021902]
 [ 0.29010334  0.05157471  0.13575891  0.04481759  0.02300243  0.08051161
   0.05011745  0.00259787  0.02156819  0.0493838   0.05612661  0.02155286
   0.0222279   0.12462135  0.02603537]]
[[1 4 2 1 5 1 2 1 1 0 5 5 4 1 3]
 [4 1 0 3 0 4 5 3 5 2 0 6 0 0 1]
 [3 3 5 4 6 0 0 6 6 3 6 0 1 3 4]
 [5 0 4 2 2 5 6 2 3 5 1 1 3 4 6]
 [2 6 6 0 4 6 3 4 0 1 2 3 5 5 2]
 [6 2 3 6 3 3 4 5 4 4 4 2 6 2 5]
 [0 5 1 5 1 2 1 0 2 6 3 4 2 6 0]]
userRanks
[[2, 1, 3, 4, 5, 6, 7], [5, 4, 1, 2, 6, 3, 7], [4, 2, 6, 5, 3, 1, 7], [7, 1, 6, 4, 5, 2, 3], [2, 1, 6, 5, 3, 7, 4], [2, 1, 3, 4, 5, 7, 6], [2, 4, 6, 5, 7, 3, 1], [3, 4, 1, 2, 6, 7, 5], [1, 2, 6, 3, 4, 5, 7], [6, 1, 4, 5, 3, 2, 7]]
aiRanks
[6 1 7 3 5 4 2]
score
0.8
prob
[[  5.97600073e-02   1.04011929e-02   2.65188667e-02   1.21023249e-02
    1.01085846e-01   3.25288300e-01   6.42201731e-02   3.32755988e-04
    1.20406511e-02   1.37582971e-02   2.38383810e-01   8.99058077e-02
    1.39114351e-02   3.15663389e-02   7.24193760e-04]
 [  1.53968726e-02   1.01900015e-02   2.77124409e-02   2.92755378e-04
    2.08354176e-01   1.83412591e-01   2.43542700e-02   6.60685859e-04
    2.50954558e-02   8.26057878e-03   2.47086993e-01   2.08474111e-01
    1.60572742e-02   1.80718182e-02   6.57997602e-03]
 [  1.08623644e-01   3.36982527e-02   2.44386182e-02   7.74511736e-02
    7.29127594e-02   9.62768187e-02   2.47813459e-01   1.17704124e-02
    6.83049133e-02   2.69804122e-02   6.22563573e-02   8.38044080e-02
    3.79294828e-02   3.16208238e-02   1.61184648e-02]
 [  5.90039865e-02   8.45350580e-02   2.79770764e-02   7.84453825e-03
    4.38605041e-02   4.07480712e-02   3.62277707e-02   4.44910934e-03
    6.20787573e-02   7.11516568e-02   8.61789468e-02   1.18182800e-01
    8.69032579e-03   3.26078651e-01   2.29927485e-02]
 [  4.92588582e-02   8.00176373e-02   6.31028781e-03   1.67437626e-02
    7.05378513e-03   2.68964277e-02   8.80935627e-03   4.86555642e-02
    8.74541388e-02   1.25419576e-02   5.44657716e-03   1.90300427e-02
    3.28703511e-02   1.71310508e-02   5.81780203e-01]
 [  6.35479856e-02   8.15951935e-03   3.65686505e-02   4.00529053e-03
    1.14659546e-01   2.13046131e-01   6.07069841e-02   3.58347177e-03
    2.00352421e-02   1.53262338e-02   1.85631473e-01   1.86429015e-01
    6.52258927e-03   3.38407004e-02   4.79371667e-02]
 [  1.25220389e-01   1.41541105e-01   7.31927526e-02   4.43288932e-02
    6.98117582e-02   9.22016526e-02   2.90189055e-02   8.27033854e-03
    1.08573092e-02   6.47969840e-02   1.13653714e-01   4.18019669e-02
    5.76341341e-02   7.78574733e-02   4.98126246e-02]]
[[1 5 4 1 4 4 4 0 6 1 4 4 5 4 0]
 [4 1 2 5 3 3 1 1 0 4 2 6 3 1 1]
 [3 0 0 3 6 6 6 5 5 0 3 2 0 0 2]
 [0 2 1 0 2 2 3 3 1 5 6 0 1 2 3]
 [5 4 3 4 0 1 5 6 3 2 5 3 4 5 5]
 [2 3 5 6 5 5 0 2 2 6 0 5 2 6 6]
 [6 6 6 2 1 0 2 4 4 3 1 1 6 3 4]]
userRanks
[[2, 1, 3, 4, 5, 6, 7], [5, 4, 1, 2, 6, 3, 7], [4, 2, 6, 5, 3, 1, 7], [7, 1, 6, 4, 5, 2, 3], [2, 1, 6, 5, 3, 7, 4], [2, 1, 3, 4, 5, 7, 6], [2, 4, 6, 5, 7, 3, 1], [3, 4, 1, 2, 6, 7, 5], [1, 2, 6, 3, 4, 5, 7], [6, 1, 4, 5, 3, 2, 7]]
aiRanks
[5 2 1 3 6 7 4]
score
2.1
prob
[[  3.80627857e-02   3.12586948e-02   3.65116309e-03   1.24588762e-02
    1.45347373e-02   1.13835150e-02   5.62936729e-02   4.76109338e-01
    1.36997477e-01   1.42357921e-02   1.33158419e-02   1.96062587e-02
    3.87035905e-03   1.72257483e-03   1.66498913e-01]
 [  4.92332112e-02   1.58845354e-02   1.76943656e-02   8.11302143e-03
    4.44157089e-02   3.85479772e-01   7.61115583e-02   6.13098233e-04
    3.90434290e-02   2.09522162e-02   1.38877461e-01   1.71181211e-01
    6.79010353e-03   1.57915462e-02   9.81876215e-03]
 [  7.05928278e-03   3.93802524e-03   3.61453808e-03   3.43657175e-03
    2.43693646e-02   2.04530796e-02   1.00905517e-02   1.86238348e-02
    3.46464634e-01   4.09780018e-02   3.13866967e-02   4.30123041e-01
    3.66812273e-03   2.21101295e-02   3.36841260e-02]
 [  3.92633445e-02   3.67140336e-02   1.30466029e-02   1.79459448e-02
    1.42318126e-02   2.02326916e-02   1.06503192e-02   3.04890069e-02
    1.03924419e-01   3.44172696e-02   5.82650106e-02   1.36516524e-01
    1.72675002e-03   7.97004105e-02   4.02875861e-01]
 [  1.64471294e-01   2.01400130e-02   4.99903853e-02   5.04607895e-02
    6.11297158e-02   6.77133282e-02   7.16378585e-02   2.57927457e-03
    3.51260666e-02   7.50103486e-02   1.09331092e-01   1.09809970e-01
    2.01866180e-02   1.43719926e-01   1.86933200e-02]
 [  1.10195838e-02   1.33706304e-02   9.65354106e-02   2.12459186e-03
    3.35519220e-01   1.03881366e-01   7.55686889e-02   2.69923799e-04
    2.90590225e-02   3.71989633e-02   3.55716342e-02   1.98940655e-01
    2.39366838e-02   3.23327623e-02   4.67086350e-03]
 [  5.25088767e-02   6.09275870e-03   1.49127253e-02   9.45231905e-03
    1.89483393e-01   8.71066291e-02   3.52109828e-01   5.14589160e-03
    3.00932793e-02   9.67111968e-03   8.37835647e-02   1.02695919e-01
    2.79393284e-03   5.17741613e-02   2.37560173e-03]]
[[2 2 2 5 3 0 2 5 5 6 0 0 3 0 6]
 [5 6 0 2 0 3 3 1 6 0 2 6 6 1 5]
 [0 5 3 1 2 2 0 4 4 1 5 4 2 2 1]
 [3 1 6 6 1 4 4 6 1 3 3 3 0 5 4]
 [1 4 1 0 4 6 5 2 3 5 6 1 1 6 2]
 [6 0 4 3 6 5 1 3 0 2 4 5 4 3 0]
 [4 3 5 4 5 1 6 0 2 4 1 2 5 4 3]]
userRanks
[[2, 1, 3, 4, 5, 6, 7], [5, 4, 1, 2, 6, 3, 7], [4, 2, 6, 5, 3, 1, 7], [7, 1, 6, 4, 5, 2, 3], [2, 1, 6, 5, 3, 7, 4], [2, 1, 3, 4, 5, 7, 6], [2, 4, 6, 5, 7, 3, 1], [3, 4, 1, 2, 6, 7, 5], [1, 2, 6, 3, 4, 5, 7], [6, 1, 4, 5, 3, 2, 7]]
aiRanks
[1 4 3 5 7 6 2]
score
1.7
prob
[[ 0.05171814  0.11599369  0.0574265   0.08776851  0.06943078  0.05292534
   0.25562714  0.01217435  0.0492644   0.01962038  0.04797387  0.10640306
   0.04368851  0.01548681  0.0144985 ]
 [ 0.09346987  0.0105982   0.00690803  0.00814659  0.02082069  0.13412136
   0.19867272  0.00459745  0.1169642   0.02500216  0.17068987  0.16666138
   0.00513352  0.01958068  0.01863328]
 [ 0.3921003   0.04518096  0.01223268  0.01121758  0.01579165  0.06448507
   0.02989678  0.03862372  0.12956143  0.00695277  0.04063933  0.03786976
   0.00389446  0.13100638  0.04054712]
 [ 0.00615648  0.01084926  0.01800863  0.00140263  0.16271679  0.05522482
   0.01524504  0.00117348  0.07358992  0.0524956   0.11051247  0.3841645
   0.02985745  0.071996    0.00660692]
 [ 0.09432695  0.04630628  0.06376829  0.01034728  0.16620507  0.04361135
   0.09608045  0.00146751  0.04114432  0.01063331  0.07654986  0.16794079
   0.01829851  0.15072271  0.0125973 ]
 [ 0.36152607  0.08659577  0.00401381  0.04437611  0.02300885  0.22074978
   0.05672785  0.00930485  0.06024179  0.02816952  0.02927682  0.0310372
   0.0194585   0.01636128  0.0091518 ]
 [ 0.04820202  0.00302397  0.01443646  0.00397155  0.01932685  0.14676896
   0.11384603  0.00053356  0.04247296  0.00854724  0.16996084  0.37709059
   0.00603234  0.01374293  0.03204369]]
[[3 6 5 3 2 4 3 6 4 2 5 5 2 6 3]
 [6 1 1 6 6 0 2 3 6 6 2 2 1 0 5]
 [0 3 2 1 1 3 5 4 0 4 0 0 6 5 4]
 [1 2 6 4 5 2 4 1 5 0 4 1 4 1 0]
 [4 4 3 2 0 1 6 5 3 1 3 4 5 3 1]
 [5 5 0 5 3 6 1 0 1 5 6 6 3 2 6]
 [2 0 4 0 4 5 0 2 2 3 1 3 0 4 2]]
userRanks
[[2, 1, 3, 4, 5, 6, 7], [5, 4, 1, 2, 6, 3, 7], [4, 2, 6, 5, 3, 1, 7], [7, 1, 6, 4, 5, 2, 3], [2, 1, 6, 5, 3, 7, 4], [2, 1, 3, 4, 5, 7, 6], [2, 4, 6, 5, 7, 3, 1], [3, 4, 1, 2, 6, 7, 5], [1, 2, 6, 3, 4, 5, 7], [6, 1, 4, 5, 3, 2, 7]]
aiRanks
[7 4 5 2 6 1 3]
score
2.4
prob
[[ 0.11238895  0.06357399  0.03457881  0.0273969   0.03621129  0.11824284
   0.11385165  0.00306473  0.0367256   0.01140247  0.02171616  0.14653887
   0.02747098  0.01802569  0.22881108]
 [ 0.15259884  0.03419047  0.00071411  0.13097079  0.00216785  0.03841302
   0.00437568  0.27330369  0.13131022  0.02227078  0.02169071  0.01133713
   0.00541306  0.0303485   0.14089515]
 [ 0.05745773  0.0258209   0.02330323  0.03692645  0.01285602  0.25076516
   0.02806455  0.00239902  0.01972891  0.01773762  0.01962706  0.00985096
   0.46225703  0.00743332  0.02577203]
 [ 0.27245933  0.05404146  0.02204544  0.03493335  0.03901572  0.11827718
   0.15001186  0.03904612  0.02934894  0.00468617  0.04187547  0.02631462
   0.01006752  0.00874041  0.1491364 ]
 [ 0.06563825  0.14362091  0.05316328  0.01248042  0.07806731  0.08975943
   0.14435095  0.03240648  0.1203572   0.05634494  0.04213416  0.02532034
   0.0346402   0.03439365  0.06732247]
 [ 0.13449166  0.14405041  0.01912868  0.04655836  0.02106451  0.27709644
   0.11830315  0.00159289  0.01718947  0.00578298  0.06511244  0.06917459
   0.03727154  0.01783012  0.02535275]
 [ 0.40619354  0.0496912   0.01287036  0.02417121  0.01570847  0.08754406
   0.14248843  0.01522754  0.00747343  0.00241888  0.09712653  0.00446415
   0.07321757  0.00308932  0.05831529]]
[[2 2 1 4 1 1 1 5 6 6 2 6 1 6 5]
 [4 1 6 6 2 6 2 2 5 3 1 2 3 2 2]
 [0 6 5 0 6 4 0 0 2 5 0 1 0 3 6]
 [5 3 3 3 5 0 5 6 3 0 3 4 4 5 4]
 [1 0 2 2 0 3 6 4 0 2 4 3 5 0 1]
 [3 4 0 5 3 2 4 3 4 1 5 5 6 1 3]
 [6 5 4 1 4 5 3 1 1 4 6 0 2 4 0]]
userRanks
[[2, 1, 3, 4, 5, 6, 7], [5, 4, 1, 2, 6, 3, 7], [4, 2, 6, 5, 3, 1, 7], [7, 1, 6, 4, 5, 2, 3], [2, 1, 6, 5, 3, 7, 4], [2, 1, 3, 4, 5, 7, 6], [2, 4, 6, 5, 7, 3, 1], [3, 4, 1, 2, 6, 7, 5], [1, 2, 6, 3, 4, 5, 7], [6, 1, 4, 5, 3, 2, 7]]
aiRanks
[6 3 7 5 2 4 1]
score
3.1
prob
[[ 0.01759596  0.02632557  0.07016239  0.00386041  0.05357537  0.02754201
   0.08247685  0.00874478  0.05029989  0.01850902  0.10966873  0.0516208
   0.00123816  0.46290436  0.0154757 ]
 [ 0.19082246  0.04673359  0.06186636  0.03903032  0.018913    0.11173288
   0.04802228  0.00329177  0.0217354   0.01305425  0.19027176  0.07361088
   0.02107878  0.05187665  0.10795962]
 [ 0.09169009  0.22914502  0.01058827  0.067428    0.00615462  0.08394282
   0.02516655  0.01070221  0.11617127  0.01103674  0.01384257  0.02043599
   0.02124467  0.24309928  0.04935189]
 [ 0.01515626  0.01110386  0.01771802  0.00178847  0.25751726  0.01859964
   0.07727176  0.03203246  0.09344945  0.04357119  0.13264975  0.2732169
   0.00678207  0.00837654  0.01076635]
 [ 0.02860869  0.18725819  0.02062983  0.01569128  0.02880503  0.03527203
   0.01578444  0.01468786  0.0394391   0.02580007  0.01105573  0.13243163
   0.09989656  0.0237031   0.32093647]
 [ 0.08902423  0.03776812  0.01095606  0.01302079  0.05099247  0.1070413
   0.06493164  0.01310903  0.13963514  0.01204266  0.06192557  0.23214931
   0.01243428  0.05140187  0.10356752]
 [ 0.02137255  0.00371988  0.03034944  0.00128245  0.57843695  0.08863695
   0.05512244  0.00214212  0.01531099  0.03499031  0.09093921  0.06430777
   0.00379069  0.00752625  0.002072  ]]
[[3 6 2 6 2 3 4 6 6 2 4 2 0 6 6]
 [0 3 5 3 1 0 2 1 1 5 2 0 6 3 3]
 [6 0 3 0 4 4 1 0 4 1 5 6 3 4 0]
 [4 5 4 5 5 2 6 2 0 0 6 1 5 5 2]
 [5 1 6 4 0 6 5 5 3 4 0 4 1 1 5]
 [2 4 1 1 3 5 3 4 2 6 3 5 2 2 1]
 [1 2 0 2 6 1 0 3 5 3 1 3 4 0 4]]
userRanks
[[2, 1, 3, 4, 5, 6, 7], [5, 4, 1, 2, 6, 3, 7], [4, 2, 6, 5, 3, 1, 7], [7, 1, 6, 4, 5, 2, 3], [2, 1, 6, 5, 3, 7, 4], [2, 1, 3, 4, 5, 7, 6], [2, 4, 6, 5, 7, 3, 1], [3, 4, 1, 2, 6, 7, 5], [1, 2, 6, 3, 4, 5, 7], [6, 1, 4, 5, 3, 2, 7]]
aiRanks
[7 4 1 6 5 2 3]
score
3.8
prob
[[ 0.17340491  0.0340792   0.02494644  0.14230901  0.01122396  0.08971359
   0.07130363  0.03580922  0.05694859  0.01045527  0.02871525  0.03349553
   0.00383096  0.01669957  0.26706489]
 [ 0.24442567  0.07090357  0.00578482  0.03819443  0.00875034  0.10011757
   0.0263479   0.0233924   0.08106621  0.02501027  0.11005502  0.07082124
   0.00180633  0.09298056  0.10034369]
 [ 0.18052251  0.03491093  0.01139313  0.09026814  0.01292526  0.11091393
   0.14010803  0.01842842  0.06386356  0.04925742  0.0203205   0.05230558
   0.01200673  0.01220827  0.19056759]
 [ 0.08505936  0.0074326   0.01059769  0.01012319  0.03654107  0.10343879
   0.07723446  0.00848842  0.24615032  0.1417956   0.05578664  0.1478734
   0.00521384  0.03195281  0.03231182]
 [ 0.11124601  0.09119127  0.00528352  0.01384624  0.04130062  0.06719407
   0.09851701  0.13129515  0.07907874  0.01683321  0.05137396  0.0190728
   0.08622173  0.00513694  0.18240873]
 [ 0.1881664   0.02135628  0.03088017  0.00782927  0.08951881  0.02311192
   0.19159296  0.01451874  0.07498565  0.0178461   0.05528193  0.12581623
   0.00106421  0.13978157  0.01824976]
 [ 0.07987353  0.0231699   0.01772218  0.08986457  0.05361447  0.25879231
   0.03668156  0.007581    0.02793957  0.1210795   0.05394574  0.06162336
   0.08854109  0.00697597  0.07259526]]
[[6 3 4 5 1 5 1 6 6 0 2 4 5 4 5]
 [3 5 1 3 0 4 6 3 0 4 0 0 1 6 3]
 [4 6 3 4 2 0 0 5 2 5 4 2 0 2 6]
 [0 0 2 1 3 1 3 2 5 1 6 6 3 0 1]
 [2 2 6 6 4 3 4 1 4 2 5 1 2 3 4]
 [5 1 0 2 6 2 2 0 1 6 3 5 4 1 2]
 [1 4 5 0 5 6 5 4 3 3 1 3 6 5 0]]
userRanks
[[2, 1, 3, 4, 5, 6, 7], [5, 4, 1, 2, 6, 3, 7], [4, 2, 6, 5, 3, 1, 7], [7, 1, 6, 4, 5, 2, 3], [2, 1, 6, 5, 3, 7, 4], [2, 1, 3, 4, 5, 7, 6], [2, 4, 6, 5, 7, 3, 1], [3, 4, 1, 2, 6, 7, 5], [1, 2, 6, 3, 4, 5, 7], [6, 1, 4, 5, 3, 2, 7]]
aiRanks
[1 5 6 2 3 7 4]
score
3.6
23.7
[1.5999999999999999, 2.2, 2.4000000000000004, 0.7999999999999999, 2.0999999999999996, 1.7000000000000002, 2.4000000000000004, 3.1, 3.8000000000000003, 3.5999999999999996]
