testData
[[2, 62, 85, 104, 268, 55, 306, 68], [6, 64, 130, 37, 278, 16, 289, 38], [8, 3, 78, 164, 84, 36, 302, 77], [4, 83, 243, 138, 8, 249, 254, 307], [13, 1, 23, 281, 95, 125, 179, 66], [5, 247, 193, 211, 24, 17, 129, 315], [7, 135, 312, 288, 56, 58, 267, 71], [14, 236, 44, 153, 20, 218, 158, 6], [3, 111, 63, 48, 7, 287, 127, 4], [9, 86, 204, 314, 186, 295, 32, 76]]
userRanks
[[2, 1, 3, 4, 5, 6, 7], [5, 4, 1, 2, 6, 3, 7], [4, 2, 6, 5, 3, 1, 7], [7, 1, 6, 4, 5, 2, 3], [2, 1, 6, 5, 3, 7, 4], [2, 1, 3, 4, 5, 7, 6], [2, 4, 6, 5, 7, 3, 1], [3, 4, 1, 2, 6, 7, 5], [1, 2, 6, 3, 4, 5, 7], [6, 1, 4, 5, 3, 2, 7]]
prob
[[ 0.07514831  0.08305311  0.01067216  0.00590538  0.04583947  0.11742732
   0.0253885   0.04210767  0.03920564  0.09832732  0.06174554  0.16493351
   0.05122103  0.00977188  0.16925316]
 [ 0.09236061  0.06364477  0.02243794  0.0615084   0.1016681   0.15125148
   0.17522574  0.01219147  0.04254766  0.0241422   0.12655204  0.04514416
   0.03751854  0.02693821  0.01686871]
 [ 0.17641872  0.08758239  0.01166717  0.009984    0.06292761  0.09592309
   0.02717767  0.09309182  0.13457312  0.02879088  0.06577301  0.0293414
   0.01314805  0.04419046  0.11941059]
 [ 0.29693323  0.08975519  0.03748343  0.10158972  0.0611144   0.104448
   0.06701342  0.01061435  0.03497156  0.03028706  0.05111855  0.0438856
   0.03167538  0.01778176  0.02132833]
 [ 0.01048131  0.06868497  0.0015615   0.0052063   0.42744951  0.04446941
   0.11133563  0.01246306  0.0089702   0.04174068  0.09566658  0.05899567
   0.10304842  0.00491463  0.00501214]
 [ 0.01318625  0.04251424  0.00964385  0.00227186  0.24141553  0.04396077
   0.20077211  0.02291533  0.06785112  0.04019171  0.04591727  0.10623264
   0.10908667  0.03506938  0.01897126]
 [ 0.00290529  0.04419675  0.01530594  0.00086319  0.09711364  0.00818429
   0.45818978  0.00941385  0.01476546  0.00200481  0.13459474  0.0588134
   0.12133031  0.02704385  0.00527468]]
[[6 5 4 6 0 6 0 6 4 6 5 2 2 4 4]
 [4 6 5 5 3 5 2 3 6 1 3 3 3 0 6]
 [5 1 0 4 2 4 3 1 3 2 0 1 1 3 1]
 [0 4 2 0 6 2 4 4 0 3 2 6 0 1 5]
 [1 0 6 2 1 3 1 5 1 5 4 4 4 6 3]
 [2 2 1 1 5 0 5 0 5 4 1 5 5 5 2]
 [3 3 3 3 4 1 6 2 2 0 6 0 6 2 0]]
userRanks
[[2, 1, 3, 4, 5, 6, 7], [5, 4, 1, 2, 6, 3, 7], [4, 2, 6, 5, 3, 1, 7], [7, 1, 6, 4, 5, 2, 3], [2, 1, 6, 5, 3, 7, 4], [2, 1, 3, 4, 5, 7, 6], [2, 4, 6, 5, 7, 3, 1], [3, 4, 1, 2, 6, 7, 5], [1, 2, 6, 3, 4, 5, 7], [6, 1, 4, 5, 3, 2, 7]]
aiRanks
[5 6 1 3 7 2 4]
score
3.1
prob
[[ 0.07107913  0.07309502  0.05319114  0.04659618  0.02008444  0.15061716
   0.03418568  0.04691173  0.02448487  0.04748074  0.05478315  0.04520027
   0.03881064  0.04338278  0.25009707]
 [ 0.06764197  0.11769352  0.02705405  0.02278074  0.08540966  0.1385446
   0.06933889  0.04896388  0.08017421  0.08264969  0.07717397  0.06742619
   0.03928113  0.04308146  0.03278604]
 [ 0.02300931  0.04619922  0.02921635  0.0123054   0.05276121  0.01016255
   0.05570136  0.13224327  0.04171254  0.0251031   0.23161702  0.11275501
   0.02077747  0.14588903  0.06054716]
 [ 0.02399739  0.02928321  0.0113389   0.0011175   0.19103613  0.02364324
   0.15675057  0.0435763   0.02554084  0.02331393  0.12149957  0.16298148
   0.08144647  0.02177238  0.08270208]
 [ 0.02983278  0.07214354  0.00760617  0.00064344  0.31907813  0.01448552
   0.15438171  0.03657187  0.03234526  0.00912411  0.08808905  0.09546619
   0.0844497   0.03131418  0.02446837]
 [ 0.04940655  0.15605427  0.03229516  0.00870244  0.07285596  0.01410522
   0.14038517  0.03759208  0.03574766  0.02272751  0.09987854  0.15625068
   0.0480423   0.05925333  0.06670314]
 [ 0.10136843  0.0714399   0.04707246  0.0674637   0.0767807   0.10670544
   0.0731434   0.04984491  0.04071128  0.05308449  0.12368458  0.07343901
   0.02852871  0.06049127  0.02624173]]
[[2 3 4 4 0 2 0 4 0 4 0 0 2 3 4]
 [3 2 3 3 2 5 2 5 3 5 1 1 6 4 6]
 [4 6 1 5 5 4 1 3 4 3 4 6 0 1 1]
 [5 4 2 2 6 3 6 0 5 2 5 4 1 0 2]
 [1 0 5 1 1 6 5 1 6 0 3 2 5 5 5]
 [0 1 6 0 3 1 4 6 2 6 6 5 3 6 3]
 [6 5 0 6 4 0 3 2 1 1 2 3 4 2 0]]
userRanks
[[2, 1, 3, 4, 5, 6, 7], [5, 4, 1, 2, 6, 3, 7], [4, 2, 6, 5, 3, 1, 7], [7, 1, 6, 4, 5, 2, 3], [2, 1, 6, 5, 3, 7, 4], [2, 1, 3, 4, 5, 7, 6], [2, 4, 6, 5, 7, 3, 1], [3, 4, 1, 2, 6, 7, 5], [1, 2, 6, 3, 4, 5, 7], [6, 1, 4, 5, 3, 2, 7]]
aiRanks
[1 3 2 7 6 5 4]
score
2.5
prob
[[ 0.09236221  0.04175043  0.01842244  0.00711456  0.13803828  0.0289466
   0.37988118  0.0072599   0.04930508  0.00548643  0.10459565  0.05979657
   0.03576361  0.02319969  0.00807736]
 [ 0.05105922  0.24560818  0.07756824  0.04111333  0.03149014  0.05120676
   0.01920037  0.06815711  0.0299424   0.03957786  0.04077808  0.0470136
   0.01535052  0.10468432  0.13724987]
 [ 0.06331299  0.0392844   0.10720199  0.2213603   0.01792615  0.04646257
   0.02179433  0.05571485  0.05091364  0.04806019  0.08675114  0.02891972
   0.01489893  0.053085    0.14431383]
 [ 0.04997731  0.05065588  0.00495776  0.00477284  0.05595695  0.03010028
   0.08019904  0.07752178  0.06816091  0.02589943  0.13974529  0.18553725
   0.00967854  0.04951216  0.1673246 ]
 [ 0.04639094  0.05024859  0.06024421  0.01575232  0.01547289  0.05159428
   0.00519754  0.09400074  0.07238302  0.03670705  0.05660386  0.02104253
   0.00402316  0.11409016  0.35624871]
 [ 0.3508005   0.08393845  0.00964505  0.17780641  0.0231109   0.13236526
   0.05460405  0.0098245   0.02731254  0.05526564  0.00966273  0.01387483
   0.00687045  0.03053853  0.01438016]
 [ 0.06623302  0.08517412  0.0196395   0.01822851  0.11686991  0.01603394
   0.2219971   0.07667888  0.03104862  0.02251813  0.12482547  0.0608827
   0.05731944  0.05997181  0.02257887]]
[[4 2 3 3 4 6 4 0 5 0 5 5 4 0 0]
 [3 0 5 0 2 0 1 5 1 6 1 4 5 5 5]
 [1 4 0 4 5 3 2 2 6 3 4 2 3 3 6]
 [2 3 6 6 1 2 5 1 0 4 2 1 2 2 1]
 [6 5 4 1 3 1 3 6 2 1 0 0 1 6 2]
 [0 6 1 5 6 4 6 3 3 2 6 6 0 1 3]
 [5 1 2 2 0 5 0 4 4 5 3 3 6 4 4]]
userRanks
[[2, 1, 3, 4, 5, 6, 7], [5, 4, 1, 2, 6, 3, 7], [4, 2, 6, 5, 3, 1, 7], [7, 1, 6, 4, 5, 2, 3], [2, 1, 6, 5, 3, 7, 4], [2, 1, 3, 4, 5, 7, 6], [2, 4, 6, 5, 7, 3, 1], [3, 4, 1, 2, 6, 7, 5], [1, 2, 6, 3, 4, 5, 7], [6, 1, 4, 5, 3, 2, 7]]
aiRanks
[6 2 7 1 3 4 5]
score
1.6
prob
[[ 0.15002161  0.01942885  0.13656028  0.05824223  0.01461401  0.03175474
   0.00523763  0.16639549  0.05461082  0.09606336  0.03660974  0.04352988
   0.01429414  0.06100381  0.1116334 ]
 [ 0.00789927  0.04971404  0.01630042  0.00108173  0.13078063  0.00666305
   0.55290232  0.0021176   0.01275467  0.00216385  0.02053142  0.01839571
   0.16613172  0.00672546  0.00583812]
 [ 0.05405031  0.14576104  0.01344608  0.00899302  0.05942898  0.03781398
   0.0121315   0.12814215  0.05635606  0.05896874  0.13489654  0.13425654
   0.02592902  0.03557464  0.0942514 ]
 [ 0.02201258  0.06101066  0.06594857  0.00984707  0.15621485  0.02017226
   0.13899372  0.03996864  0.03114614  0.00835396  0.10197884  0.0609139
   0.23804921  0.03097566  0.01441393]
 [ 0.00782826  0.01778375  0.02245381  0.00232587  0.05913377  0.00605837
   0.627745    0.00715782  0.02075224  0.00345724  0.04875815  0.06288572
   0.03381507  0.07799716  0.00184777]
 [ 0.07465657  0.25461755  0.02849158  0.17382914  0.02517908  0.18394395
   0.01498647  0.02963748  0.02764928  0.07201202  0.02044249  0.03582628
   0.00645762  0.0246863   0.02758418]
 [ 0.59983874  0.05373671  0.02937048  0.05675296  0.02451801  0.0669831
   0.01173534  0.00991176  0.02918586  0.03155462  0.01602176  0.00907816
   0.01148114  0.01238494  0.03744641]]
[[4 4 2 1 0 4 0 1 1 1 6 6 5 1 4]
 [1 0 1 4 6 1 6 4 4 4 5 1 6 6 1]
 [3 1 4 2 5 3 2 6 5 3 1 5 0 5 3]
 [2 6 5 3 4 0 5 5 6 6 0 0 2 3 5]
 [5 3 6 6 2 2 3 3 3 2 4 3 4 2 6]
 [0 2 3 0 1 6 1 2 0 5 3 4 1 0 2]
 [6 5 0 5 3 5 4 0 2 0 2 2 3 4 0]]
userRanks
[[2, 1, 3, 4, 5, 6, 7], [5, 4, 1, 2, 6, 3, 7], [4, 2, 6, 5, 3, 1, 7], [7, 1, 6, 4, 5, 2, 3], [2, 1, 6, 5, 3, 7, 4], [2, 1, 3, 4, 5, 7, 6], [2, 4, 6, 5, 7, 3, 1], [3, 4, 1, 2, 6, 7, 5], [1, 2, 6, 3, 4, 5, 7], [6, 1, 4, 5, 3, 2, 7]]
aiRanks
[1 7 6 5 3 2 4]
score
3.4
prob
[[ 0.02138801  0.04251444  0.05121161  0.03050219  0.13922023  0.07879927
   0.18004851  0.01290713  0.01574794  0.00985639  0.21529657  0.07263329
   0.09737187  0.02246327  0.01003928]
 [ 0.01839024  0.04784249  0.01223622  0.00037467  0.17107458  0.05333732
   0.09901986  0.03321864  0.02693735  0.02703479  0.09141744  0.10919805
   0.14831748  0.03154749  0.1300534 ]
 [ 0.06920022  0.09632383  0.02767729  0.06214808  0.11095519  0.0944908
   0.13241428  0.03339456  0.06075641  0.06012705  0.0789518   0.09197261
   0.03572092  0.02350608  0.02236088]
 [ 0.08577495  0.11962026  0.00342676  0.00599538  0.07698153  0.04917384
   0.06887411  0.03912208  0.07810901  0.03980345  0.07093621  0.06097916
   0.01746255  0.06483403  0.21890668]
 [ 0.08641481  0.02168766  0.00358914  0.0042556   0.03143862  0.06682411
   0.00231694  0.07379377  0.03546658  0.26570285  0.00510811  0.02672663
   0.02612171  0.01196295  0.33859052]
 [ 0.04492519  0.03972186  0.21161687  0.0105979   0.03200172  0.06148141
   0.10604226  0.03210526  0.02014443  0.0196452   0.05465148  0.04653408
   0.08216269  0.13275112  0.10561854]
 [ 0.14384302  0.10674546  0.12762519  0.14075792  0.0418115   0.15432506
   0.0304037   0.02204396  0.02571439  0.04035494  0.03441306  0.01550908
   0.02167898  0.04279283  0.05198092]]
[[1 4 3 1 4 3 4 0 0 0 4 6 3 4 0]
 [0 5 4 4 5 1 6 6 5 5 6 4 6 0 2]
 [5 0 1 3 6 5 3 5 6 1 5 5 4 2 6]
 [2 1 2 5 3 4 1 1 1 3 3 3 2 1 5]
 [3 2 0 0 2 0 5 2 4 6 2 0 5 6 1]
 [4 6 6 2 0 2 2 3 2 2 1 2 0 3 3]
 [6 3 5 6 1 6 0 4 3 4 0 1 1 5 4]]
userRanks
[[2, 1, 3, 4, 5, 6, 7], [5, 4, 1, 2, 6, 3, 7], [4, 2, 6, 5, 3, 1, 7], [7, 1, 6, 4, 5, 2, 3], [2, 1, 6, 5, 3, 7, 4], [2, 1, 3, 4, 5, 7, 6], [2, 4, 6, 5, 7, 3, 1], [3, 4, 1, 2, 6, 7, 5], [1, 2, 6, 3, 4, 5, 7], [6, 1, 4, 5, 3, 2, 7]]
aiRanks
[5 1 3 2 7 4 6]
score
2.4
prob
[[  7.89191150e-02   2.71071476e-02   1.43475207e-03   3.82414550e-03
    3.53461841e-02   4.59970605e-02   2.26765221e-02   2.12591765e-01
    1.24979069e-01   1.70841976e-01   1.90842192e-02   7.64547215e-02
    8.09353778e-03   2.34645052e-02   1.49185279e-01]
 [  3.93953514e-02   9.97438154e-02   2.37969673e-02   6.31796522e-03
    7.01623844e-02   1.72235105e-01   9.78761836e-02   2.10037151e-02
    5.86421774e-02   2.06016817e-02   1.45061767e-01   7.23675086e-02
    6.48915869e-02   9.74799914e-03   9.81557912e-02]
 [  1.21597530e-02   3.96386946e-02   6.22818445e-03   3.38700190e-04
    7.77790670e-02   1.56360069e-02   1.13741274e-01   9.53000719e-02
    1.25529642e-01   2.48619502e-02   4.13109623e-02   2.23271606e-01
    4.02894160e-02   7.51645761e-02   1.08750095e-01]
 [  5.06657752e-02   3.16609012e-02   2.25278370e-02   5.52981404e-03
    1.83681417e-02   4.87010800e-02   1.04961420e-02   5.02837783e-02
    9.29167358e-02   3.71844928e-02   3.29705546e-02   4.05556926e-02
    4.37651818e-03   6.97778662e-02   4.83984670e-01]
 [  1.92236542e-01   3.18643815e-02   5.38329290e-02   1.25409007e-01
    7.55841197e-02   6.86607838e-02   7.79144596e-02   9.82008968e-03
    7.44682016e-02   3.64755245e-02   9.53882121e-02   3.54027100e-02
    3.42911211e-02   4.98186201e-02   3.88332986e-02]
 [  1.15327246e-02   6.05968906e-02   6.49851396e-03   7.01455886e-04
    3.16449963e-01   2.91807007e-02   1.47893788e-01   3.49146281e-03
    1.38328982e-02   1.18440847e-02   2.07071613e-02   2.54771540e-02
    3.20080118e-01   2.01685589e-03   2.96962277e-02]
 [  2.49390954e-02   2.78054760e-02   1.63281471e-02   1.27023277e-02
    1.09209887e-01   5.22059398e-02   4.31415477e-01   1.42520054e-02
    2.76289116e-02   1.43660808e-02   5.75306029e-02   8.02014387e-02
    3.00543582e-02   9.27664732e-02   8.59377873e-03]]
[[5 0 0 2 3 2 3 5 5 5 0 5 3 5 6]
 [2 6 2 5 0 5 0 4 6 6 5 4 0 1 5]
 [6 3 5 0 1 0 4 6 1 1 3 3 6 0 4]
 [1 4 6 3 4 3 1 1 4 2 2 1 4 4 1]
 [3 2 3 1 2 6 2 3 3 4 6 0 2 3 2]
 [0 5 1 6 6 4 5 2 0 3 4 6 1 2 0]
 [4 1 4 4 5 1 6 0 2 0 1 2 5 6 3]]
userRanks
[[2, 1, 3, 4, 5, 6, 7], [5, 4, 1, 2, 6, 3, 7], [4, 2, 6, 5, 3, 1, 7], [7, 1, 6, 4, 5, 2, 3], [2, 1, 6, 5, 3, 7, 4], [2, 1, 3, 4, 5, 7, 6], [2, 4, 6, 5, 7, 3, 1], [3, 4, 1, 2, 6, 7, 5], [1, 2, 6, 3, 4, 5, 7], [6, 1, 4, 5, 3, 2, 7]]
aiRanks
[3 6 1 4 7 5 2]
score
2.3
prob
[[ 0.04589454  0.21663839  0.01979242  0.0553732   0.10152011  0.04564667
   0.17512856  0.01847172  0.03620186  0.0358165   0.08023735  0.11362753
   0.04288959  0.00743348  0.00532808]
 [ 0.06978418  0.05126847  0.00684828  0.00226534  0.02050841  0.10909397
   0.06653843  0.04710744  0.12303853  0.03113852  0.07550697  0.09768928
   0.01270901  0.02873314  0.25777004]
 [ 0.06299862  0.04000921  0.00295212  0.0058674   0.01980632  0.03788057
   0.00479732  0.36216136  0.08498947  0.11209336  0.02024499  0.04138203
   0.00453209  0.08397791  0.11630723]
 [ 0.0056605   0.06642809  0.00632235  0.00059797  0.16830459  0.03088898
   0.07773652  0.0327933   0.06914737  0.03220455  0.06935191  0.12755428
   0.16307708  0.02756691  0.12236559]
 [ 0.02970714  0.06573391  0.03084619  0.0150636   0.1759149   0.02998212
   0.07390912  0.02277468  0.04902073  0.03375363  0.11503221  0.08167262
   0.16357799  0.0395725   0.07343868]
 [ 0.13388457  0.0870436   0.00110775  0.02543131  0.06549672  0.08632681
   0.01519967  0.13819186  0.05292126  0.1858533   0.0863359   0.08370217
   0.00609642  0.00884601  0.02356264]
 [ 0.05299981  0.04579182  0.0512237   0.00892475  0.03371131  0.07646539
   0.21123011  0.01640473  0.04807552  0.02106423  0.1219726   0.0892451
   0.05194391  0.02458929  0.14635772]]
[[3 2 5 3 2 4 2 6 0 6 2 2 2 0 0]
 [4 6 2 1 1 3 5 0 6 1 3 4 5 5 5]
 [0 1 3 2 6 2 1 4 4 3 1 5 1 6 4]
 [6 4 1 6 5 0 4 3 5 4 0 6 0 3 2]
 [2 3 0 4 0 6 3 1 3 0 5 1 6 1 3]
 [1 5 4 5 3 5 0 5 2 2 4 0 3 4 6]
 [5 0 6 0 4 1 6 2 1 5 6 3 4 2 1]]
userRanks
[[2, 1, 3, 4, 5, 6, 7], [5, 4, 1, 2, 6, 3, 7], [4, 2, 6, 5, 3, 1, 7], [7, 1, 6, 4, 5, 2, 3], [2, 1, 6, 5, 3, 7, 4], [2, 1, 3, 4, 5, 7, 6], [2, 4, 6, 5, 7, 3, 1], [3, 4, 1, 2, 6, 7, 5], [1, 2, 6, 3, 4, 5, 7], [6, 1, 4, 5, 3, 2, 7]]
aiRanks
[7 1 5 4 2 6 3]
score
3.3
prob
[[ 0.14909775  0.07983086  0.02633998  0.04860195  0.08628905  0.08612514
   0.10876079  0.01823954  0.01613687  0.06207548  0.0376463   0.06303558
   0.09435337  0.00597551  0.11749181]
 [ 0.03955099  0.00967407  0.00670189  0.02854316  0.00407942  0.04898454
   0.0009291   0.33050165  0.07503328  0.15846963  0.02105808  0.04472107
   0.0012687   0.15896537  0.07151905]
 [ 0.13271971  0.02881926  0.0512815   0.0363259   0.06214208  0.12399298
   0.01210095  0.01148003  0.01487817  0.14538973  0.02193443  0.02714135
   0.30137832  0.00767984  0.02273577]
 [ 0.15874655  0.06860614  0.09978887  0.06064125  0.02502871  0.11168692
   0.03099794  0.09719922  0.03074227  0.05121537  0.03566917  0.04600424
   0.02226377  0.0427943   0.11861528]
 [ 0.14160367  0.0713088   0.00072834  0.00398739  0.11772779  0.14105622
   0.03405981  0.03569169  0.0871884   0.11360789  0.01595637  0.02957168
   0.02681235  0.00633419  0.1743654 ]
 [ 0.07233784  0.15006018  0.0461937   0.0859696   0.03190109  0.18525286
   0.03889202  0.02170302  0.02475695  0.03025282  0.11283614  0.07888899
   0.05424855  0.00850198  0.05820427]
 [ 0.15090019  0.01679395  0.02230369  0.37171771  0.0107278   0.0605856
   0.01232441  0.03865305  0.01277893  0.15412033  0.06323776  0.02142297
   0.01431005  0.03223505  0.01788851]]
[[1 1 4 4 1 1 1 2 6 5 4 6 1 0 6]
 [5 6 1 1 6 6 2 0 2 3 1 2 6 4 2]
 [2 2 6 2 3 0 6 5 0 0 2 4 3 2 5]
 [4 3 0 0 5 3 3 4 5 4 3 1 4 5 1]
 [0 4 5 3 2 2 4 6 3 2 0 3 5 6 0]
 [6 0 2 5 0 4 5 3 1 6 6 0 0 3 3]
 [3 5 3 6 4 5 0 1 4 1 5 5 2 1 4]]
userRanks
[[2, 1, 3, 4, 5, 6, 7], [5, 4, 1, 2, 6, 3, 7], [4, 2, 6, 5, 3, 1, 7], [7, 1, 6, 4, 5, 2, 3], [2, 1, 6, 5, 3, 7, 4], [2, 1, 3, 4, 5, 7, 6], [2, 4, 6, 5, 7, 3, 1], [3, 4, 1, 2, 6, 7, 5], [1, 2, 6, 3, 4, 5, 7], [6, 1, 4, 5, 3, 2, 7]]
aiRanks
[7 3 6 2 1 4 5]
score
2.7
prob
[[ 0.02166745  0.06178218  0.00628003  0.00210209  0.03456296  0.01323687
   0.3072281   0.00669016  0.02331194  0.00629724  0.02326501  0.03756022
   0.01132341  0.43766532  0.00702704]
 [ 0.07036422  0.04252244  0.1939655   0.1549239   0.02233454  0.08246392
   0.02590103  0.02106118  0.03322014  0.0281625   0.1000166   0.0210912
   0.03765467  0.04305504  0.12326313]
 [ 0.14899333  0.10909069  0.00295751  0.0199739   0.04094808  0.1644443
   0.00894082  0.04675797  0.07640213  0.14900318  0.02201079  0.10938816
   0.0156951   0.03308998  0.05230404]
 [ 0.05358634  0.03986981  0.00595856  0.00071691  0.14945713  0.02128282
   0.25550755  0.04571195  0.09364306  0.01988761  0.07712041  0.09930337
   0.03912868  0.03596237  0.06286343]
 [ 0.11209971  0.15945848  0.01454974  0.00812035  0.05599518  0.07492907
   0.01063391  0.04330568  0.03220624  0.1637603   0.01421074  0.05896514
   0.03420318  0.00629601  0.21126627]
 [ 0.10291201  0.05378448  0.03075981  0.00294843  0.05878151  0.08777619
   0.0346393   0.05281021  0.06030279  0.03866225  0.04396332  0.10707332
   0.04375025  0.05024302  0.23159311]
 [ 0.02106457  0.05751583  0.03377489  0.0020436   0.21692004  0.04319535
   0.16449512  0.04952703  0.04154409  0.01950135  0.07572884  0.04180611
   0.13599175  0.02962978  0.06726165]]
[[6 3 2 3 1 0 2 0 0 0 4 1 0 4 0]
 [0 1 3 6 0 3 4 1 4 6 2 0 2 6 2]
 [3 5 0 0 2 6 1 4 1 3 0 6 4 2 3]
 [1 6 4 5 4 4 5 3 6 1 5 4 1 3 6]
 [5 0 5 4 5 1 6 2 5 5 6 3 3 1 1]
 [4 2 6 2 3 5 3 6 2 2 3 5 5 5 4]
 [2 4 1 1 6 2 0 5 3 4 1 2 6 0 5]]
userRanks
[[2, 1, 3, 4, 5, 6, 7], [5, 4, 1, 2, 6, 3, 7], [4, 2, 6, 5, 3, 1, 7], [7, 1, 6, 4, 5, 2, 3], [2, 1, 6, 5, 3, 7, 4], [2, 1, 3, 4, 5, 7, 6], [2, 4, 6, 5, 7, 3, 1], [3, 4, 1, 2, 6, 7, 5], [1, 2, 6, 3, 4, 5, 7], [6, 1, 4, 5, 3, 2, 7]]
aiRanks
[4 7 1 6 5 3 2]
score
3.5
prob
[[ 0.11688872  0.03278515  0.08190683  0.22059333  0.02087838  0.08761379
   0.02401655  0.05440114  0.04921153  0.07396589  0.05776176  0.04460988
   0.01952857  0.02886958  0.08696891]
 [ 0.05113816  0.07270012  0.00830113  0.0293022   0.00999389  0.04199923
   0.01534663  0.20874322  0.05267389  0.04564767  0.11699283  0.06213169
   0.00246941  0.12281747  0.15974246]
 [ 0.29125179  0.05783633  0.01100656  0.08476824  0.02839503  0.08353086
   0.05341421  0.04025817  0.03492044  0.08715563  0.03878052  0.03707149
   0.01964528  0.0097707   0.12219477]
 [ 0.09143648  0.05724026  0.00240142  0.00179559  0.07282583  0.03868021
   0.07837681  0.07580105  0.13712403  0.05702332  0.05771792  0.06775048
   0.01428741  0.02262507  0.22491411]
 [ 0.08528001  0.01291777  0.00057622  0.01057887  0.03190682  0.09549306
   0.00771571  0.06438299  0.04761628  0.50923563  0.01817954  0.04100386
   0.00801217  0.01188607  0.05521501]
 [ 0.1481397   0.08894207  0.00824162  0.00760736  0.05123295  0.05755467
   0.06042558  0.05745471  0.22623128  0.0358839   0.0369721   0.03381869
   0.00487604  0.06833787  0.11428145]
 [ 0.09819516  0.03438269  0.10469132  0.114318    0.05577366  0.13517913
   0.03700757  0.02251596  0.03250289  0.10447789  0.0672196   0.04665079
   0.08941562  0.01329526  0.04437446]]
[[1 4 4 3 1 3 4 6 6 5 4 5 1 2 6]
 [4 0 3 5 0 1 1 2 2 1 5 2 5 4 4]
 [3 6 5 4 2 5 0 0 4 3 2 4 4 6 0]
 [6 3 1 1 4 2 6 5 0 0 3 0 3 3 5]
 [0 2 2 2 5 0 2 4 1 2 0 6 0 0 2]
 [5 1 0 6 6 4 5 3 3 6 6 1 2 5 1]
 [2 5 6 0 3 6 3 1 5 4 1 3 6 1 3]]
userRanks
[[2, 1, 3, 4, 5, 6, 7], [5, 4, 1, 2, 6, 3, 7], [4, 2, 6, 5, 3, 1, 7], [7, 1, 6, 4, 5, 2, 3], [2, 1, 6, 5, 3, 7, 4], [2, 1, 3, 4, 5, 7, 6], [2, 4, 6, 5, 7, 3, 1], [3, 4, 1, 2, 6, 7, 5], [1, 2, 6, 3, 4, 5, 7], [6, 1, 4, 5, 3, 2, 7]]
aiRanks
[6 2 4 1 3 7 5]
score
1.3
26.1
[3.1000000000000005, 2.5, 1.6, 3.4000000000000004, 2.4000000000000004, 2.3, 3.3000000000000007, 2.7, 3.5000000000000004, 1.3]
